0.004032683422275807
0.004008331818104893
0.0020043287910891383
0.002004328791351151
0.002004328791351373
0.002004328791351373
0.002004328791351373
0.002004328791351373
0.002004328791351373
0.002004328791351373
0.002004328791351373
0.002004328791351373
0.002004328791351373
0.002004328791351262
0.002004328791351373
0.002004328791351373
0.002004328791351373
0.002004328791351373
0.002004328791351373
0.002004328791351373
0.002004328791351373
0.002004328791351373
0.002004328791351373
0.002004328791351373
0.002004328791351373
0.002004328791351373
0.002004328791351373
0.002004328791351373
0.002004328791351262
0.002004328791351373
0.002004328791351373
0.002004328791351373
0.002004328791351373
0.002004328791351373
0.002004328791351373
0.002004328791351373
0.002004328791351262
0.002004328791351262
0.002004328791351262
0.002004328791351373
0.002004328791351373
0.002004328791351373
0.002004328791351373
0.002004328791351373
0.002004328791351373
0.002004328791351373
0.002004328791351373
0.002004328791351373
0.002004328791351373
0.002004328791351262
0.002004328791351373
0.002004328791351373
0.002004328791351373
0.002004328791351262
0.002004328791351373
0.002004328791351373
0.002004328791351373
0.002004328791351373
0.002004328791351262
0.002004328791351262
0.002004328791351373
0.002004328791351373
0.002004328791351373
0.002004328791351373
0.002004328791351373
0.002004328791351373
0.002004328791351373
0.002004328791351373
0.002004328791351373
0.002004328791351373
0.002004328791351373
0.002004328791351373
0.002004328791351262
0.002004328791351262
0.002004328791351373
0.002004328791351373
0.002004328791351373
0.002004328791351373
0.002004328791351262
0.002004328791351373
0.002004328791351262
0.002004328791351373
0.002004328791351262
0.002004328791351373
0.002004328791351373
0.002004328791351373
0.002004328791351373
0.002004328791351373
0.002004328791351373
0.002004328791351373
0.002004328791351373
0.002004328791351262
0.002004328791351373
0.002004328791351373
0.002004328791351373
0.002004328791351373
0.002004328791351373
0.002004328791351373
0.002004328791351373
0.002004328791351262
0.002004328791351373
0.002004328791351373
0.002004328791351262
0.002004328791351373
0.002004328791351373
0.002004328791351262
0.002004328791351373
0.002004328791351262
0.002004328791351373
0.002004328791351373
0.002004328791351373
0.002004328791351373
0.002004328791351373
0.002004328791351373
0.002004328791351373
0.002004328791351373
0.002004328791351373
0.002004328791351373
0.002004328791351373
0.002004328791351373
0.002004328791351373
0.002004328791351373
0.002004328791351373
0.002004328791351373
0.002004328791351373
0.002004328791351373
0.002004328791351373
0.002004328791351373
0.002004328791351373
0.002004328791351373
0.002004328791351373
0.002004328791351373
0.002004328791351262
0.0020043287913736885
0.0020133266385778947
0.007080986047426685
0.007109441839920128
0.007121147073522183
0.007124947253751457
0.007126026582775058
0.0071330841160466285
0.007138200672105577
0.007136021350354738
0.007139543730004805
0.00714240701956248
0.007144794034586344
0.007146773559405295
0.007153106466957548
0.00715445441230933
0.007155570850094328
0.007156555407381138
0.007157536920912477
0.007162112601671433
0.007162722446061531
0.007163279551284818
0.0071673695577583185
0.007167764231479357
0.007168132497555324
0.007171665311304309
0.007171924964008314
0.007175205894891956
0.007175384825901188
0.007178457160897933
0.013680702441798642
0.015995761712521372
0.014108987690030328
0.014155603660718108
0.014191555332666694
0.014220012641922186
0.026057407525486798
0.024756193279315553
0.7024095110207644
0.8200469011703093
0.8096206068477518
0.8678911337325483
0.8613910425347673
0.906201883192877
0.9634941803422474
0.9230256947011427
0.9185117011050445
0.8818787001617316
0.013006448392575698
0.9191348723636769
0.917948624976556
0.9133568001618336
0.9380378200411944
0.943640766317407
0.9163515267934419
0.0076606450846092855
0.019931103466424793
0.9336563572675436
0.9562961276591466
0.9262097443962415
0.9774300244178389
0.9194866576760955
0.985190425325803
0.898641405896846
0.9212329272495172
0.014391932556231946
0.950828983219023
0.9712434914492936
0.9511148443072115
0.9487899205373655
0.9970831738527549
0.9609947895852471
0.9743880007602999
0.9846467623671364
0.9347454508194089
0.9411951428876206
0.941703504406434
0.027020110525088348
0.9169028140738774
0.9638911449573917
0.9703847933855531
0.9441019825796808
0.9330641726497222
0.9824333647719129
0.9756246369371262
0.9860771097306469
0.9582663381000989
0.9898838418183193
0.007296823628402893
0.014654377229075588
0.950635568542134
0.9719843946939853
0.9951056213420195
0.9355791922434155
0.965206207484188
0.9615086408641802
0.9986385972162712
0.9483237381861465
0.9711605115834927
0.9790230776445492
0.9993838215489081
0.977049239967018
0.9689873543696363
0.9256496327027783
0.9713971357512479
0.9631379122846849
0.9772287216142171
0.9606656974420759
0.9645702943629872
0.9630367249232962
0.9972373573917513
0.9585799283058238
0.9601743739541464
0.9925729562857375
0.9732498906698591
0.0037061703565736126
0.0033917634160017807
0.0033915151637278207
0.003391306407336536
0.007464782983848783
0.007593343895113458
0.17078579492118973
0.7918952720902289
0.8310695996185102
0.9918206521499441
0.9745629587365826
0.9854099561210662
0.9772721784248392
0.9852691430633023
0.9896628051875034
0.9574964932849727
0.9989227608384107
0.9925848902050873
0.9995421718201716
0.9458967742562633
0.9859830068120242
0.9473161873756145
0.9837340934085468
0.021083186019797973
0.9984420771154725
0.9663563695404429
0.970758788835555
0.9796815408658908
0.9718966705790961
0.9702152437003522
0.9600004574896227
0.9908229535200291
0.9753040321665518
0.9882236888407768
0.9368774312151698
0.9914209440598664
0.9545191147876906
0.9822712101419658
0.9546118169659887
0.9991864296307145
0.9966298467527612
0.922608565467981
0.9927492862709467
0.9768657975875661
0.9765899869562911
0.9610975947683145
0.980550023112895
0.9990720041394486
0.9791904743380536
0.9271866297386089
0.9565551468582703
0.9845426278162489
