0.8168000000000001
0.5348
0.8892
0.3512
0.8148000000000001
0.5388000000000001
0.888
0.3544
0.8180000000000001
0.5312
0.89
0.3492
0.8124
0.5444
0.8864000000000001
0.3588
0.8224
0.5212
0.892
0.3436
0.8064
0.5572
0.882
0.372
0.8352
0.49160000000000004
0.8932
0.3396
0.802
0.5668000000000001
0.8776
0.3836
0.8452000000000001
0.46680000000000005
0.8896000000000001
0.35000000000000003
0.8136
0.542
0.8872
0.3568
0.8204
0.526
0.8912
0.34600000000000003
0.8092
0.5516
0.884
0.366
0.8296
0.5048
0.8936000000000001
0.3392
0.8016000000000001
0.5680000000000001
0.8772000000000001
0.38480000000000003
0.8464
0.464
0.8892
0.35200000000000004
0.8156
0.5376000000000001
0.8884000000000001
0.3532
0.8168000000000001
0.534
0.8896000000000001
0.3508
0.8144
0.54
0.888
0.3552
0.8188000000000001
0.5296000000000001
0.8904000000000001
0.34800000000000003
0.8112
0.5468000000000001
0.8856
0.3612
0.8248000000000001
0.5156000000000001
0.8928
0.3416
0.8044
0.5624
0.8796
0.3776
0.8404
0.4788
0.892
0.3436
0.8064
0.558
0.8816
0.3724
0.8356
0.4904
0.8932
0.34
0.8024
0.5664
0.8776
0.38280000000000003
0.8448
0.46840000000000004
0.89
0.3492
0.8124
0.5444
0.8864000000000001
0.3588
0.8228000000000001
0.5208
0.892
0.3436
0.8064
0.5576
0.8816
0.3724
0.8356
0.4908
0.8932
0.34
0.8024
0.5664
0.8776
0.38280000000000003
0.8448
0.468
0.89
0.3492
0.8128000000000001
0.5436
0.8868
0.3584
0.8220000000000001
0.522
0.892
0.34400000000000003
0.8068000000000001
0.5564
0.882
0.3708
0.8340000000000001
0.49400000000000005
0.8936000000000001
0.3396
0.8016000000000001
0.5676
0.8772000000000001
0.3844
0.8460000000000001
0.46480000000000005
0.8892
0.3516
0.8148000000000001
0.5384
0.8884000000000001
0.35400000000000004
0.8176
0.532
0.89
0.3496
0.8128000000000001
0.5428000000000001
0.8868
0.35760000000000003
0.8216
0.5236000000000001
0.8916000000000001
0.3448
0.8076
0.5544
0.8828
0.3688
0.8324
0.4984
0.8936000000000001
0.3392
0.8012
0.5684
0.8768
0.3856
0.8472000000000001
0.46240000000000003
0.8888
0.3532
0.8164
0.5348
0.8892
0.3516
0.8148000000000001
0.5388000000000001
0.8884000000000001
0.3544
0.8180000000000001
0.532
0.89
0.3496
0.8128000000000001
0.5432
0.8868
0.35800000000000004
0.8216
0.5232
0.8916000000000001
0.3448
0.8076
0.5552
0.8828
0.36960000000000004
0.8328
0.4968
0.8936000000000001
0.3392
0.8016000000000001
0.5684
0.8768
0.3856
0.8468
0.46280000000000004
0.8888
0.3528
0.8164
0.5356000000000001
0.8892
0.35200000000000004
0.8156
0.5372
0.8884000000000001
0.3532
0.8168000000000001
0.5344
0.8892
0.3512
0.8144
0.5396000000000001
0.888
0.3548
0.8188000000000001
0.5304
0.8904000000000001
0.34840000000000004
0.8116
0.546
0.886
0.3604
0.8240000000000001
0.5176000000000001
0.8924000000000001
0.34240000000000004
0.8048000000000001
0.5608000000000001
0.8804000000000001
0.37560000000000004
0.8384
0.4832
0.8928
0.342
0.8044
0.5616
0.88
0.37720000000000004
0.8400000000000001
0.48040000000000005
0.8924000000000001
0.3428
0.8056000000000001
0.5592
0.8812000000000001
0.374
0.8372
0.4872
0.8932
0.3408
0.8032
0.5644
0.8788
0.3804
0.8428
0.4732
0.8912
0.34640000000000004
0.8092
0.5512
0.8844000000000001
0.3652
0.8288000000000001
0.5064000000000001
0.8936000000000001
0.3396
0.802
0.5676
0.8772000000000001
0.3844
0.8460000000000001
0.4652
0.8892
0.3512
0.8144
0.5396000000000001
0.888
0.3548
0.8184
0.5304
0.8904000000000001
0.3488
0.812
0.5452
0.886
0.36000000000000004
0.8236
0.5188
0.8924000000000001
0.3428
0.8056000000000001
0.5596
0.8808
0.3748
0.8376
0.48560000000000003
0.8928
0.3412
0.8036000000000001
0.5636
0.8792000000000001
0.37920000000000004
0.8416
0.4756
0.8916000000000001
0.3452
0.808
0.554
0.8832000000000001
0.3684
0.8320000000000001
0.49920000000000003
0.8936000000000001
0.3392
0.8012
0.5684
0.8768
0.3856
0.8472000000000001
0.46240000000000003
0.8888
0.3532
0.8168000000000001
0.5348
0.8892
0.3512
0.8148000000000001
0.5388000000000001
0.888
0.3544
0.8180000000000001
0.5312
0.89
0.3492
0.8124
0.544
0.8864000000000001
0.3588
0.8224
0.5212
0.892
0.3436
0.8064
0.5572
0.882
0.37160000000000004
0.8348
0.49200000000000005
0.8932
0.3396
0.802
0.5672
0.8776
0.3836
0.8456
0.46640000000000004
0.8896000000000001
0.3504
0.8136
0.5416000000000001
0.8876000000000001
0.3564
0.8200000000000001
0.5268
0.8912
0.34640000000000004
0.8096
0.5508000000000001
0.8844000000000001
0.3652
0.8288000000000001
0.5068
0.8936000000000001
0.3396
0.802
0.5672
0.8772000000000001
0.384
0.8456
0.466
0.8896000000000001
0.3508
0.8140000000000001
0.5404
0.8876000000000001
0.3556
0.8192
0.5288
0.8908
0.3476
0.8108000000000001
0.548
0.8852000000000001
0.36200000000000004
0.8260000000000001
0.5136000000000001
0.8928
0.3412
0.8036000000000001
0.5640000000000001
0.8788
0.3796
0.8420000000000001
0.4748
0.8912
0.3456
0.8084
0.5528000000000001
0.8836
0.3672
0.8308000000000001
0.502
0.8936000000000001
0.3392
0.8012
0.5684
0.8768
0.3856
0.8468
0.46280000000000004
0.8888
0.3528
0.8164
0.5352
0.8892
0.3516
0.8152
0.538
0.8884000000000001
0.35400000000000004
0.8176
0.5328
0.8896000000000001
0.35000000000000003
0.8136
0.542
0.8872
0.3568
0.8204
0.526
0.8912
0.34600000000000003
0.8092
0.5516
0.884
0.366
0.8296
0.5048
0.8936000000000001
0.3392
0.8016000000000001
0.5680000000000001
0.8768
0.38480000000000003
0.8464
0.464
0.8892
0.35200000000000004
0.8156
0.5372
0.8884000000000001
0.3532
0.8168000000000001
0.5344
0.8892
0.3512
0.8144
0.5396000000000001
0.888
0.3548
0.8184
0.5304
0.8904000000000001
0.34840000000000004
0.8116
0.5456
0.886
0.36000000000000004
0.8240000000000001
0.518
0.8924000000000001
0.34240000000000004
0.8052
0.5604
0.8804000000000001
0.37520000000000003
0.8380000000000001
0.4844
0.8928
0.3416
0.804
0.5624
0.8796
0.378
0.8408
0.47840000000000005
0.892
0.3436
0.8068000000000001
0.5572
0.882
0.37160000000000004
0.8348
0.49200000000000005
0.8936000000000001
0.3396
0.802
0.5672
0.8776
0.3836
0.8456
0.46640000000000004
0.8896000000000001
0.3504
0.8136
0.5412
0.8876000000000001
0.3564
0.8200000000000001
0.5272
0.8908
0.3468
0.8096
0.5504
0.8844000000000001
0.3644
0.8280000000000001
0.5084000000000001
0.8932
0.34
0.802
0.5668000000000001
0.8776
0.3836
0.8452000000000001
0.4672
0.8896000000000001
0.35000000000000003
0.8132
0.5424
0.8872
0.3572
0.8208000000000001
0.5248
0.8912
0.3452
0.8084
0.5532
0.8836
0.36760000000000004
0.8312
0.5016
0.8936000000000001
0.3392
0.8012
0.5684
0.8768
0.3856
0.8472000000000001
0.46240000000000003
0.8888
0.3528
0.8164
0.5348
0.8892
0.3516
0.8148000000000001
0.5384
0.8884000000000001
0.35400000000000004
0.8176
0.5324
0.89
0.3496
0.8132
0.5428000000000001
0.8868
0.35760000000000003
0.8212
0.524
0.8916000000000001
0.3448
0.808
0.5544
0.8832000000000001
0.3684
0.8320000000000001
0.49920000000000003
0.8936000000000001
0.3392
0.8012
0.5684
0.8768
0.3856
0.8472000000000001
0.46240000000000003
0.8888
0.3532
0.8168000000000001
0.5348
0.8892
0.3512
0.8148000000000001
0.5388000000000001
0.888
0.3544
0.8180000000000001
0.5316000000000001
0.89
0.3492
0.8124
0.544
0.8868
0.3588
0.8224
0.5216000000000001
0.892
0.34400000000000003
0.8068000000000001
0.5568000000000001
0.882
0.37120000000000003
0.8344
0.4928
0.8936000000000001
0.3396
0.802
0.5676
0.8772000000000001
0.384
0.8460000000000001
0.4656
0.8896000000000001
0.3508
0.8144
0.54
0.888
0.3552
0.8188000000000001
0.5296000000000001
0.8904000000000001
0.34800000000000003
0.8112
0.5468000000000001
0.8856
0.3612
0.8248000000000001
0.516
0.8928
0.3416
0.8044
0.562
0.8796
0.3776
0.8400000000000001
0.4796
0.892
0.3432
0.806
0.5584
0.8812000000000001
0.37320000000000003
0.8364
0.4884
0.8932
0.34040000000000004
0.8028000000000001
0.5656
0.8784000000000001
0.3816
0.8436
0.4708
0.8908
0.3476
0.8108000000000001
0.548
0.8852000000000001
0.3624
0.8260000000000001
0.5132
0.8928
0.3408
0.8036000000000001
0.5640000000000001
0.8788
0.38
0.8420000000000001
0.47440000000000004
0.8912
0.3456
0.8084
0.5528000000000001
0.8836
0.3672
0.8308000000000001
0.5024000000000001
0.8936000000000001
0.3392
0.8012
0.5684
0.8768
0.3856
0.8468
0.46280000000000004
0.8888
0.3528
0.8164
0.5352
0.8892
0.3516
0.8152
0.5376000000000001
0.8884000000000001
0.3536
0.8172
0.5336000000000001
0.8896000000000001
0.3504
0.8140000000000001
0.5408000000000001
0.8876000000000001
0.35600000000000004
0.8196
0.528
0.8908
0.3472
0.8104
0.5488000000000001
0.8852000000000001
0.3632
0.8268000000000001
0.5116
0.8932
0.34040000000000004
0.8028000000000001
0.5652
0.8784000000000001
0.38120000000000004
0.8436
0.4716
0.8908
0.3472
0.8104
0.5488000000000001
0.8852000000000001
0.3632
0.8268000000000001
0.5116
0.8932
0.34040000000000004
0.8028000000000001
0.5652
0.8784000000000001
0.38120000000000004
0.8436
0.4712
0.8908
0.3472
0.8104
0.5488000000000001
0.8852000000000001
0.3628
0.8268000000000001
0.5116
0.8932
0.34040000000000004
0.8028000000000001
0.5652
0.8784000000000001
0.38120000000000004
0.8432000000000001
0.47200000000000003
0.8908
0.3468
0.81
0.5492
0.8848
0.36360000000000003
0.8272
0.5104000000000001
0.8932
0.34040000000000004
0.8028000000000001
0.5656
0.878
0.382
0.8440000000000001
0.4696
0.8904000000000001
0.34800000000000003
0.8116
0.5464
0.886
0.3608
0.8244
0.5164
0.8928
0.342
0.8044
0.5616
0.88
0.3768
0.8396
0.48040000000000005
0.8924000000000001
0.3428
0.8056000000000001
0.5596
0.8808
0.3744
0.8372
0.4864
0.8928
0.3408
0.8036000000000001
0.5640000000000001
0.8788
0.38
0.8420000000000001
0.47440000000000004
0.8912
0.3456
0.8084
0.5528000000000001
0.8836
0.3672
0.8308000000000001
0.5024000000000001
0.8936000000000001
0.3392
0.8012
0.5684
0.8768
0.3856
0.8468
0.46280000000000004
0.8888
0.3528
0.8164
0.5352
0.8892
0.3516
0.8152
0.5376000000000001
0.8884000000000001
0.3536
0.8172
0.5336000000000001
0.8896000000000001
0.3504
0.8140000000000001
0.5408000000000001
0.8876000000000001
0.35600000000000004
0.8196
0.528
0.8908
0.3472
0.8104
0.5488000000000001
0.8848
0.3632
0.8268000000000001
0.5112
0.8932
0.34040000000000004
0.8028000000000001
0.5652
0.8784000000000001
0.3816
0.8436
0.4712
0.8908
0.3476
0.8108000000000001
0.5484
0.8852000000000001
0.3624
0.8264
0.5128
0.8932
0.3408
0.8032
0.5644
0.8788
0.3804
0.8428
0.4732
0.8912
0.34600000000000003
0.8092
0.5512
0.884
0.36560000000000004
0.8292
0.5056
0.8936000000000001
0.3396
0.8016000000000001
0.5676
0.8772000000000001
0.3844
0.8460000000000001
0.46480000000000005
0.8892
0.3516
0.8148000000000001
0.5384
0.8884000000000001
0.35400000000000004
0.8176
0.532
0.89
0.3496
0.8128000000000001
0.5428000000000001
0.8868
0.35760000000000003
0.8216
0.5236000000000001
0.8916000000000001
0.3448
0.808
0.5544
0.8828
0.3688
0.8324
0.4984
0.8936000000000001
0.3392
0.8012
0.5684
0.8768
0.3856
0.8472000000000001
0.46240000000000003
0.8888
0.3532
0.8168000000000001
0.5348
0.8892
0.3512
0.8148000000000001
0.5388000000000001
0.888
0.3544
0.8180000000000001
0.532
0.89
0.3496
0.8128000000000001
0.5436
0.8868
0.35800000000000004
0.8220000000000001
0.5228
0.8916000000000001
0.34440000000000004
0.8072
0.5556
0.8824000000000001
0.37
0.8336
0.49560000000000004
0.8936000000000001
0.3392
0.8016000000000001
0.5680000000000001
0.8768
0.38520000000000004
0.8468
0.4636
0.8888
0.3524
0.8160000000000001
0.5364
0.8888
0.3528
0.8164
0.5356000000000001
0.8892
0.35200000000000004
0.8156
0.5372
0.8888
0.3532
0.8168000000000001
0.5344
0.8892
0.3512
0.8148000000000001
0.5392
0.888
0.3548
0.8184
0.5312
0.89
0.3488
0.8124
0.5448000000000001
0.8864000000000001
0.3592
0.8228000000000001
0.5204
0.892
0.3432
0.806
0.5584
0.8816
0.3728
0.8360000000000001
0.4892
0.8932
0.34040000000000004
0.8024
0.5660000000000001
0.878
0.382
0.8440000000000001
0.4696
0.8904000000000001
0.34840000000000004
0.8116
0.5464
0.886
0.3608
0.8244
0.5168
0.8924000000000001
0.342
0.8044
0.5616
0.88
0.3768
0.8396
0.4812
0.8924000000000001
0.3428
0.8052
0.56
0.8808
0.3748
0.8376
0.4852
0.8928
0.3412
0.8036000000000001
0.5632
0.8792000000000001
0.3788
0.8412000000000001
0.47640000000000005
0.8916000000000001
0.3448
0.8076
0.5552
0.8828
0.36960000000000004
0.8328
0.4968
0.8936000000000001
0.3392
0.8016000000000001
0.5684
0.8768
0.3856
0.8468
0.46280000000000004
0.8888
0.3528
0.8164
0.5356000000000001
0.8892
0.35200000000000004
0.8156
0.5372
0.8884000000000001
0.3532
0.8168000000000001
0.5344
0.8892
0.3512
0.8144
0.5396000000000001
0.888
0.3548
0.8184
0.5304
0.8904000000000001
0.34840000000000004
0.812
0.5456
0.886
0.36000000000000004
0.8236
0.5184
0.8924000000000001
0.3428
0.8052
0.56
0.8808
0.3748
0.8380000000000001
0.4848
0.8928
0.3412
0.804
0.5632
0.8792000000000001
0.3788
0.8412000000000001
0.4772
0.8916000000000001
0.34440000000000004
0.8072
0.5556
0.8824000000000001
0.37
0.8336
0.49520000000000003
0.8936000000000001
0.3392
0.8016000000000001
0.5680000000000001
0.8768
0.38520000000000004
0.8464
0.4636
0.8888
0.35200000000000004
0.8156
0.5368
0.8888
0.3528
0.8164
0.5352
0.8892
0.3516
0.8152
0.538
0.8884000000000001
0.35400000000000004
0.8176
0.5328
0.8896000000000001
0.35000000000000003
0.8136
0.5416000000000001
0.8872
0.3568
0.8204
0.526
0.8912
0.34600000000000003
0.8092
0.5516
0.884
0.36560000000000004
0.8292
0.5056
0.8936000000000001
0.3396
0.8016000000000001
0.5676
0.8772000000000001
0.38480000000000003
0.8460000000000001
0.46480000000000005
0.8892
0.3516
0.8152
0.5384
0.8884000000000001
0.35400000000000004
0.8176
0.5324
0.89
0.35000000000000003
0.8132
0.5424
0.8872
0.3572
0.8212
0.5248
0.8916000000000001
0.3452
0.8084
0.5532
0.8832000000000001
0.36760000000000004
0.8312
0.5012
0.8936000000000001
0.3392
0.8012
0.5684
0.8768
0.3856
0.8472000000000001
0.46240000000000003
0.8888
0.3532
0.8164
0.5348
0.8892
0.3516
0.8148000000000001
0.5388000000000001
0.8884000000000001
0.3544
0.8180000000000001
0.532
0.89
0.3496
0.8128000000000001
0.5432
0.8868
0.35800000000000004
0.8216
0.5232
0.8916000000000001
0.34440000000000004
0.8076
0.5552
0.8828
0.36960000000000004
0.8332
0.4964
0.8936000000000001
0.3392
0.8016000000000001
0.5684
0.8768
0.38520000000000004
0.8468
0.4632
0.8888
0.3528
0.8160000000000001
0.536
0.8888
0.35200000000000004
0.8156
0.5368
0.8888
0.3528
0.8164
0.5348
0.8892
0.3516
0.8148000000000001
0.5384
0.8884000000000001
0.35400000000000004
0.8176
0.5324
0.89
0.3496
0.8132
0.5428000000000001
0.8872
0.35760000000000003
0.8212
0.5244
0.8916000000000001
0.3452
0.808
0.554
0.8832000000000001
0.368
0.8316
0.5
0.8936000000000001
0.3392
0.8012
0.5684
0.8768
0.3856
0.8472000000000001
0.46240000000000003
0.8888
0.3532
0.8168000000000001
0.5344
0.8892
0.3512
0.8148000000000001
0.5392
0.888
0.3544
0.8180000000000001
0.5312
0.89
0.3492
0.8124
0.5444
0.8864000000000001
0.3588
0.8228000000000001
0.5208
0.892
0.3436
0.8064
0.5576
0.8816
0.372
0.8352
0.4912
0.8932
0.34
0.802
0.5668000000000001
0.8776
0.38320000000000004
0.8452000000000001
0.4676
0.89
0.3496
0.8128000000000001
0.5428000000000001
0.8868
0.35760000000000003
0.8216
0.524
0.8916000000000001
0.3448
0.808
0.5544
0.8828
0.3688
0.8320000000000001
0.4988
0.8936000000000001
0.3392
0.8012
0.5684
0.8768
0.3856
0.8472000000000001
0.46240000000000003
0.8888
0.3532
0.8168000000000001
0.5348
0.8892
0.3512
0.8148000000000001
0.5388000000000001
0.888
0.3544
0.8180000000000001
0.5316000000000001
0.89
0.3492
0.8128000000000001
0.5436
0.8868
0.3584
0.8220000000000001
0.5224
0.892
0.34400000000000003
0.8072
0.556
0.8824000000000001
0.3708
0.8340000000000001
0.4944
0.8936000000000001
0.3396
0.8016000000000001
0.5680000000000001
0.8772000000000001
0.38480000000000003
0.8464
0.46440000000000003
0.8892
0.3516
0.8152
0.538
0.8884000000000001
0.3536
0.8172
0.5332
0.8896000000000001
0.3504
0.8136
0.5412
0.8876000000000001
0.3564
0.8200000000000001
0.5268
0.8908
0.34640000000000004
0.8096
0.5504
0.8844000000000001
0.3648
0.8284
0.508
0.8932
0.3396
0.802
0.5668000000000001
0.8776
0.3836
0.8452000000000001
0.46680000000000005
0.8896000000000001
0.35000000000000003
0.8136
0.542
0.8872
0.3568
0.8204
0.526
0.8912
0.34600000000000003
0.8092
0.5516
0.884
0.366
0.8296
0.5048
0.8936000000000001
0.3392
0.8016000000000001
0.5680000000000001
0.8768
0.38480000000000003
0.8464
0.464
0.8892
0.35200000000000004
0.8156
0.5372
0.8884000000000001
0.3532
0.8168000000000001
0.5344
0.8892
0.3512
0.8144
0.5396000000000001
0.888
0.3548
0.8184
0.5304
0.8904000000000001
0.34840000000000004
0.8116
0.5456
0.886
0.3604
0.8240000000000001
0.518
0.8924000000000001
0.34240000000000004
0.8052
0.5604
0.8804000000000001
0.37560000000000004
0.8384
0.48360000000000003
0.8928
0.3416
0.8044
0.562
0.8796
0.3776
0.8404
0.4792
0.892
0.3432
0.806
0.558
0.8816
0.3728
0.8360000000000001
0.48960000000000004
0.8932
0.34
0.8024
0.5660000000000001
0.878
0.3824
0.8444
0.4692
0.8904000000000001
0.34840000000000004
0.8116
0.5456
0.886
0.3604
0.8240000000000001
0.518
0.8924000000000001
0.34240000000000004
0.8052
0.5604
0.8804000000000001
0.37560000000000004
0.8384
0.48360000000000003
0.8928
0.3416
0.8044
0.562
0.8796
0.3776
0.8404
0.4792
0.892
0.3432
0.806
0.558
0.8816
0.3728
0.8360000000000001
0.48960000000000004
0.8932
0.34040000000000004
0.8024
0.5660000000000001
0.878
0.3824
0.8440000000000001
0.4696
0.8904000000000001
0.34840000000000004
0.8116
0.546
0.886
0.3604
0.8244
0.5172
0.8924000000000001
0.342
0.8048000000000001
0.5612
0.88
0.3764
0.8392000000000001
0.48200000000000004
0.8924000000000001
0.34240000000000004
0.8048000000000001
0.5608000000000001
0.8804000000000001
0.376
0.8388
0.4828
0.8924000000000001
0.342
0.8044
0.5616
0.88
0.3768
0.8396
0.4808
0.8924000000000001
0.3428
0.8052
0.5596
0.8808
0.3748
0.8376
0.48560000000000003
0.8928
0.3412
0.8036000000000001
0.5636
0.8792000000000001
0.37920000000000004
0.8416
0.47600000000000003
0.8916000000000001
0.3448
0.8076
0.5544
0.8828
0.3688
0.8324
0.498
0.8936000000000001
0.3392
0.8012
0.5684
0.8768
0.3856
0.8472000000000001
0.46280000000000004
0.8888
0.3528
0.8164
0.5348
0.8892
0.3516
0.8148000000000001
0.5384
0.8884000000000001
0.35400000000000004
0.8176
0.5324
0.89
0.3496
0.8132
0.5428000000000001
0.8872
0.35760000000000003
0.8212
0.524
0.8916000000000001
0.3452
0.808
0.554
0.8832000000000001
0.3684
0.8316
0.49960000000000004
0.8936000000000001
0.3392
0.8012
0.5684
0.8768
0.3856
0.8472000000000001
0.46240000000000003
0.8888
0.3532
0.8168000000000001
0.5344
0.8892
0.3512
0.8148000000000001
0.5392
0.888
0.3544
0.8180000000000001
0.5312
0.89
0.3492
0.8124
0.5444
0.8864000000000001
0.3588
0.8228000000000001
0.5212
0.892
0.3436
0.8064
0.5576
0.8816
0.372
0.8352
0.4912
0.8932
0.34
0.802
0.5668000000000001
0.8776
0.38320000000000004
0.8452000000000001
0.4672
0.89
0.3496
0.8132
0.5428000000000001
0.8872
0.35760000000000003
0.8212
0.5244
0.8916000000000001
0.3452
0.808
0.554
0.8832000000000001
0.368
0.8316
0.5
0.8936000000000001
0.3392
0.8012
0.5684
0.8768
0.3856
0.8472000000000001
0.46240000000000003
0.8888
0.3532
0.8168000000000001
0.5344
0.8892
0.3512
0.8148000000000001
0.5392
0.888
0.3544
0.8180000000000001
0.5312
0.89
0.3492
0.8124
0.5444
0.8864000000000001
0.3588
0.8228000000000001
0.5212
0.892
0.3436
0.8064
0.5576
0.8816
0.372
0.8352
0.4912
0.8932
0.34
0.802
0.5668000000000001
0.8776
0.38320000000000004
0.8452000000000001
0.4672
0.89
0.3496
0.8132
0.5428000000000001
0.8872
0.35760000000000003
0.8212
0.524
0.8916000000000001
0.3452
0.808
0.554
0.8832000000000001
0.3684
0.8320000000000001
0.49960000000000004
0.8936000000000001
0.3392
0.8012
0.5684
0.8768
0.3856
0.8472000000000001
0.46240000000000003
0.8888
0.3532
0.8168000000000001
0.5348
0.8892
0.3512
0.8148000000000001
0.5392
0.888
0.3544
0.8180000000000001
0.5312
0.89
0.3492
0.8124
0.5444
0.8864000000000001
0.3588
0.8228000000000001
0.5212
0.892
0.3436
0.8064
0.5572
0.8816
0.372
0.8352
0.4912
0.8932
0.34
0.802
0.5668000000000001
0.8776
0.38320000000000004
0.8452000000000001
0.4672
0.89
0.35000000000000003
0.8132
0.5424
0.8872
0.3572
0.8212
0.5248
0.8916000000000001
0.3452
0.8084
0.5532
0.8832000000000001
0.36760000000000004
0.8312
0.5012
0.8936000000000001
0.3392
0.8012
0.5684
0.8768
0.3856
0.8472000000000001
0.46240000000000003
0.8888
0.3532
0.8168000000000001
0.5348
0.8892
0.3512
0.8148000000000001
0.5388000000000001
0.888
0.3544
0.8180000000000001
0.5316000000000001
0.89
0.3492
0.8128000000000001
0.5436
0.8868
0.35800000000000004
0.8220000000000001
0.5228
0.8916000000000001
0.34440000000000004
0.8072
0.5556
0.8824000000000001
0.37
0.8336
0.49560000000000004
0.8936000000000001
0.3392
0.8016000000000001
0.5680000000000001
0.8768
0.38520000000000004
0.8464
0.4636
0.8888
0.3524
0.8156
0.5368
0.8888
0.3528
0.8164
0.5356000000000001
0.8892
0.35200000000000004
0.8152
0.5376000000000001
0.8884000000000001
0.3536
0.8172
0.5336000000000001
0.8896000000000001
0.3508
0.8140000000000001
0.5404
0.8876000000000001
0.3556
0.8192
0.5288
0.8908
0.3476
0.8108000000000001
0.548
0.8852000000000001
0.3624
0.8260000000000001
0.5132
0.8928
0.3408
0.8032
0.5644
0.8788
0.38
0.8424
0.47400000000000003
0.8912
0.34600000000000003
0.8088000000000001
0.552
0.884
0.3664
0.8300000000000001
0.504
0.8936000000000001
0.3392
0.8016000000000001
0.5680000000000001
0.8768
0.38520000000000004
0.8468
0.4636
0.8888
0.3524
0.8156
0.5368
0.8888
0.3528
0.8164
0.5356000000000001
0.8892
0.35200000000000004
0.8156
0.5376000000000001
0.8884000000000001
0.3532
0.8168000000000001
0.534
0.8896000000000001
0.3508
0.8144
0.54
0.888
0.3552
0.8188000000000001
0.5296000000000001
0.8904000000000001
0.34800000000000003
0.8112
0.5464
0.8856
0.3608
0.8248000000000001
0.5164
0.8928
0.342
0.8044
0.562
0.88
0.37720000000000004
0.8400000000000001
0.48000000000000004
0.8924000000000001
0.3432
0.8056000000000001
0.5588000000000001
0.8812000000000001
0.374
0.8368
0.4872
0.8932
0.3408
0.8032
0.5648000000000001
0.8784000000000001
0.3808
0.8428
0.4728
0.8908
0.34640000000000004
0.8096
0.5504
0.8844000000000001
0.3648
0.8284
0.508
0.8932
0.3396
0.802
0.5668000000000001
0.8776
0.3836
0.8452000000000001
0.46680000000000005
0.8896000000000001
0.35000000000000003
