0.8288000000000001
0.5721856742697079
0.508
0.7402580232092837
0.8952
0.6714943577430972
0.3356
0.42809171668667473
0.7986146458583434
0.7988000000000001
0.61970756302521
0.5748
0.7548717086834733
0.8752000000000001
0.6817501400560224
0.39080000000000004
0.48286722689075656
0.8524302521008404
0.8528
0.5299556622649061
0.44880000000000003
0.7107001200480193
0.886
0.6766260104041614
0.3612
0.45371876750700246
0.8258415366146458
0.8264
0.576241056422569
0.5132
0.7416408163265309
0.8948
0.672403841536614
0.33680000000000004
0.4288150460184073
0.799657943177271
0.8004
0.6180638655462184
0.5720000000000001
0.7543433373349339
0.8768
0.6817019607843129
0.38680000000000003
0.47847106842737114
0.8486740296118442
0.8496
0.5368156862745093
0.4576
0.7153882352941177
0.8888
0.6757602240896367
0.3532
0.4450812324929976
0.8168840336134452
0.8180000000000001
0.5899095638255297
0.532
0.7468390556222491
0.8916000000000001
0.6746420168067232
0.3456
0.4372163265306129
0.8086991596638656
0.81
0.6030679471788709
0.5504
0.7507662264905965
0.886
0.6775172468987597
0.3608
0.4523879951980801
0.8245107643057226
0.8260000000000001
0.5777424569827924
0.5144000000000001
0.7411226890756308
0.8944000000000001
0.6734375350140056
0.3372
0.4282088835534208
0.7987318127250889
0.8004
0.6178837935174062
0.5712
0.7534104841936781
0.8768
0.6822069627851137
0.3856
0.47642352941176436
0.8469464585834324
0.8488
0.5387102040816312
0.4592
0.7156488195278122
0.8896000000000001
0.6766820328131247
0.3516
0.4425512605042016
0.8143540616246492
0.8164
0.593336694677872
0.536
0.7470232893157274
0.8904000000000001
0.676115886354541
0.34840000000000004
0.4391652661064428
0.8109680672268903
0.8132
0.5988361744697885
0.5436
0.7487691076430585
0.8884000000000001
0.6774924369747888
0.3544
0.44505722288915606
0.8171799919967985
0.8196
0.5884960384153667
0.5288
0.7450103241296534
0.8924000000000001
0.6758666666666653
0.3436
0.43391548619447845
0.8053983193277312
0.808
0.607196478591437
0.5552
0.7508230492196895
0.8844000000000001
0.6800686674669851
0.366
0.4562849139655871
0.8284076830732297
0.8312
0.5698423369347743
0.502
0.7354969187675062
0.8952
0.6746957983193256
0.3352
0.42483393357343047
0.7950368947579036
0.798
0.6221565426170453
0.5764
0.7530069627851157
0.874
0.6848737895158044
0.3932
0.48233949579832064
0.8512625850340143
0.8544
0.5292219287715085
0.4444
0.7053363745498196
0.8844000000000001
0.6805338135254115
0.36560000000000004
0.4553264505802304
0.8274492196878729
0.8308000000000001
0.5707887955182047
0.5028
0.7353507803121274
0.8952
0.6753680672268878
0.3352
0.42427835134053804
0.7944813125250112
0.798
0.6224225690276108
0.5764
0.7528865946378551
0.8744000000000001
0.6856941176470596
0.3932
0.48178583433373223
0.850708923569426
0.8544
0.530030892356945
0.44480000000000003
0.7049714285714319
0.8844000000000001
0.6811566226490564
0.36560000000000004
0.45476798719488026
0.8268907563025227
0.8308000000000001
0.5714991596638648
0.5032
0.7350431372549023
0.8952
0.676040336134454
0.3352
0.4237227691076423
0.7939257302921154
0.798
0.6226885954381762
0.5764
0.7525288515406146
0.8744000000000001
0.6861154061624616
0.39280000000000004
0.4809085234093665
0.850151580632255
0.8544
0.5305226090436161
0.44480000000000003
0.7044436974789925
0.8844000000000001
0.6816232092837131
0.3652
0.45380952380952355
0.825932292917166
0.8304
0.5724408163265318
0.504
0.7349003601440558
0.8952
0.6767126050420121
0.3352
0.423243217286918
0.793766146458586
0.7984
0.623038655462184
0.5764
0.7521711084433783
0.8744000000000001
0.6866935574229684
0.39280000000000004
0.4803543817527013
0.8495974389755898
0.8544
0.5313301320528221
0.44520000000000004
0.704315966386553
0.8848
0.6823350140056048
0.3648
0.4528510604241734
0.8249738295318159
0.8300000000000001
0.573379591836733
0.5048
0.7347595038015222
0.8952
0.6773848739495782
0.3352
0.4226871548619454
0.7932100840336135
0.7984
0.6229896758703485
0.5760000000000001
0.7516488195278104
0.8744000000000001
0.6871162865146078
0.3924
0.4794002400960426
0.8486432973189312
0.8540000000000001
0.532367346938773
0.446
0.7041176470588257
0.8848
0.6828040016006384
0.3644
0.4518925970388166
0.8240153661464591
0.8296
0.5746306522609044
0.506
0.7347854341736688
0.8952
0.6782122448979608
0.3356
0.42245602240896163
0.7926589835934414
0.7984
0.6229416566626634
0.5756
0.7513605442176889
0.8748
0.6877850340136031
0.392
0.47844609843937735
0.8476891556622659
0.8536
0.5334016806722628
0.44680000000000003
0.7041560624249761
0.8852000000000001
0.6832096038415303
0.3632
0.45013413365346655
0.822256902761109
0.8284
0.5769659863945551
0.5088
0.7354756302521036
0.8952
0.6790386554621817
0.336
0.4223004401760725
0.7925034013605456
0.7988000000000001
0.622665546218487
0.5748
0.7509048419367749
0.8752000000000001
0.6879923169267712
0.3904
0.4763663865546209
0.8459294117647043
0.8524
0.5358336934773928
0.4496
0.7054924369747873
0.8864000000000001
0.6833389355742336
0.36000000000000004
0.44644993997598637
0.8188926770708236
0.8256
0.582090596238499
0.5156000000000001
0.7373624649860004
0.8944000000000001
0.6798348139255623
0.3376
0.4234189675870409
0.793941896758709
0.8008000000000001
0.6199097238895535
0.5704
0.7501224489795947
0.8776
0.6877406962785076
0.3844
0.47003361344538114
0.8405565426170492
0.8476
0.5450143257302906
0.462
0.7122232893157274
0.89
0.6821871148459377
0.3496
0.4353434173669467
0.8071462184873943
0.8144
0.5998117647058832
0.5408000000000001
0.7443470188075216
0.8892
0.6828326530612274
0.35200000000000004
0.4375574229691846
0.8093602240896323
0.8168000000000001
0.5960499399759931
0.5352
0.742811204481789
0.8908
0.6823450980392068
0.3476
0.4329714285714356
0.8047742296918832
0.8124
0.6033586234493764
0.5456
0.745134213685478
0.8876000000000001
0.683809363745493
0.35600000000000004
0.44125874349740296
0.8133815126050454
0.8212
0.589398479391755
0.5252
0.7395230092036832
0.8928
0.6817162064825912
0.3416
0.4264531412565035
0.7976160064025614
0.8056000000000001
0.6136787515006005
0.5604
0.7477747899159657
0.882
0.6867449379751918
0.37160000000000004
0.4564134453781491
0.8282162464985967
0.8364
0.5644680272108868
0.4888
0.7251865546218452
0.8948
0.6814058423369403
0.33640000000000003
0.42073613445377633
0.7912590636254575
0.7996000000000001
0.6228877150860311
0.5736
0.7493134853941616
0.8756
0.6899154861944721
0.38920000000000005
0.4731327731092486
0.8426957983193321
0.8512000000000001
0.5398453781512573
0.45280000000000004
0.7053743097238925
0.8872
0.6852356942777083
0.35760000000000003
0.44192797118847726
0.8140507402961197
0.8228000000000001
0.5878413765506199
0.522
0.7379116446578632
0.8936000000000001
0.6827047619047627
0.34
0.42385242096838616
0.7946953181272491
0.8036000000000001
0.6168536214485807
0.5644
0.7478797919167647
0.8804000000000001
0.688601680672273
0.3764
0.4602112845138012
0.8316941176470539
0.8408
0.5583270108043157
0.4788
0.7194802721088499
0.8936000000000001
0.6829957583033137
0.3396
0.42308139255702865
0.7939242897158916
0.8032
0.6178929171668643
0.5656
0.7478991596638682
0.88
0.6893645458183237
0.378
0.4613677470988423
0.8325306122449002
0.8420000000000001
0.5560750700280099
0.4752
0.7174024809923978
0.8932
0.6837978391356538
0.3412
0.4243820728291314
0.7955449379751892
0.8052
0.6154084033613454
0.5616
0.7468901160464171
0.8816
0.6889410164065657
0.37320000000000003
0.4562679471788682
0.8277507803121209
0.8376
0.5638050420168103
0.48600000000000004
0.7225445378151332
0.8948
0.6835683073229203
0.33680000000000004
0.4195393357343005
0.7903822328931633
0.8004
0.6226336934773883
0.5720000000000001
0.7482448979591869
0.8768
0.691354621848735
0.3864
0.46881136454582206
0.8390143257302953
0.8492000000000001
0.544569987995196
0.4576
0.7067607843137272
0.8888
0.6863254101640642
0.3528
0.43545258103241363
0.8075753501400561
0.8180000000000001
0.5959428571428576
0.5324
0.7398132052821119
0.8916000000000001
0.685566386554624
0.3456
0.42799551820728055
0.799798319327728
0.8104
0.6080403361344558
0.55
0.7441131652661035
0.8864000000000001
0.6881238895558129
0.3604
0.4426802721088513
0.8148030412164937
0.8256
0.5845090036014362
0.5152
0.7338583433373398
0.8944000000000001
0.6847366146458521
0.3376
0.4193411764705929
0.7898641056422611
0.8008000000000001
0.6219380552220872
0.5704
0.7471875150060043
0.8772000000000001
0.6919835134053599
0.38480000000000003
0.4662853941576647
0.8364883553421378
0.8476
0.5480985994397756
0.4616
0.7082857142857141
0.89
0.6870948379351751
0.35000000000000003
0.43165154061624506
0.8034543417366926
0.8148000000000001
0.601689795918369
0.54
0.7411703881552596
0.8896000000000001
0.6875114845938421
0.3512
0.43273565426170013
0.8048584233693559
0.8164
0.5993691876750655
0.5364
0.7399606242497051
0.8904000000000001
0.6871771108443305
0.34840000000000004
0.4296795518207339
0.8014823529411814
0.8132
0.6040283313325305
0.5432
0.7415622248899588
0.8884000000000001
0.6882405762304886
0.35400000000000004
0.43516334533813783
0.8072861144457804
0.8192
0.5949599039615756
0.5296000000000001
0.7377008403361454
0.892
0.6869659863945421
0.34400000000000003
0.4248379351740823
0.796320768307335
0.8084
0.6115174069627789
0.554
0.7438228091236572
0.8848
0.6903007603041103
0.3644
0.44519103641457547
0.8173138055222179
0.8296
0.5789829531812667
0.5056
0.7290080832332999
0.8952
0.6861243697478905
0.3352
0.41545834333734144
0.7859812725090095
0.7984
0.6264605042016782
0.5760000000000001
0.7469919167667098
0.8744000000000001
0.6944893157262864
0.392
0.47179639855942723
0.8410394557823158
0.8536
0.5389528611444558
0.4464
0.6976696278511421
0.8852000000000001
0.6908784313725479
0.36360000000000003
0.44383257302921214
0.8159553421368546
0.8288000000000001
0.5807343737495004
0.5076
0.7293959183673457
0.8952
0.6869454981992822
0.3356
0.4153022809123623
0.7858252100840304
0.7988000000000001
0.626201200480194
0.5752
0.7465198879551792
0.8748
0.695022328931578
0.3912
0.47051092436974223
0.8400739495798257
0.8532000000000001
0.5408933173269368
0.4484
0.6984571428571358
0.886
0.6912648259303814
0.36160000000000003
0.44127410964384883
0.8133968787514914
0.8268000000000001
0.5843635054021677
0.5124000000000001
0.7307612645057937
0.8948
0.6878108043217105
0.33680000000000004
0.41594621848740954
0.7864691476590776
0.8
0.6248950780312059
0.5728
0.7460427370948463
0.8764000000000001
0.6952760304121521
0.3876
0.4664926770708398
0.836695638255313
0.8504
0.545974229691868
0.45520000000000005
0.7022228091236585
0.8884000000000001
0.6908889955982289
0.3548
0.43391564625851187
0.8060384153661544
0.8200000000000001
0.5951868747498954
0.528
0.7356452981192529
0.8924000000000001
0.6893344537815056
0.3432
0.4219258903561478
0.7930887555022057
0.8072
0.6145152460984372
0.5568000000000001
0.7428889955982418
0.8836
0.6930165666266475
0.36760000000000004
0.4462756302521032
0.8180784313725508
0.8324
0.5758256902761096
0.4988
0.7243625450180076
0.8952
0.6885893557422971
0.3352
0.41335190076030337
0.7835548619447765
0.798
0.6279619047619057
0.5768
0.7457960784313709
0.874
0.6968024009603875
0.3932
0.47096454581832353
0.8402076030412121
0.8548
0.5391793517407008
0.444
0.694020008003196
0.884
0.6932997198879622
0.366
0.44418487394957296
0.8163076430572154
0.8312
0.5784049619847997
0.502
0.725269627851133
0.8952
0.6892616246498712
0.3352
0.41279631852740106
0.7829992797118743
0.798
0.6279204481792644
0.5764
0.745266266506612
0.874
0.6973795918367202
0.3932
0.4703434973989729
0.8392665866346666
0.8544
0.5398861944777804
0.4444
0.6938917967186985
0.8844000000000001
0.6940280112044697
0.36560000000000004
0.44322641056423606
0.8153491796718786
0.8308000000000001
0.5790135254101577
0.5024000000000001
0.7249709483793589
0.8952
0.6899338935574134
0.3352
0.41224073629452507
0.7824436974789983
0.798
0.6281864745898331
0.5764
0.7451354941976827
0.8744000000000001
0.6982103241296469
0.3932
0.46978983593437795
0.8387129251700716
0.8544
0.540684753901558
0.44480000000000003
0.693537254901963
0.8844000000000001
0.6946508203281294
0.36560000000000004
0.44266794717887276
0.8147907162865152
0.8308000000000001
0.580020168067227
0.5032
0.7248470588235288
0.8952
0.6906061624649875
0.3352
0.41168515406162276
0.7818881152460959
0.798
0.6284525010004017
0.5764
0.7447777511004379
0.8744000000000001
0.6986420168067273
0.39280000000000004
0.46890212084833444
0.838145178071223
0.8544
0.5411764705882408
0.44480000000000003
0.6930095238095174
0.8844000000000001
0.6951278111244581
0.3652
0.4417094837935094
0.8138322529011518
0.8304
0.5806248899559889
0.5036
0.7245507803121165
0.8952
0.6912784313725616
0.3352
0.4111951980792469
0.781718127250915
0.7984
0.6288129651860677
0.5764
0.74442000800321
0.8744000000000001
0.6992201680672137
0.39280000000000004
0.46834797919168886
0.8375910364145774
0.8544
0.5419735894357647
0.44520000000000004
0.6926564225690375
0.8844000000000001
0.6956057623049111
0.3648
0.4407510204081725
0.8128737895158149
0.8300000000000001
0.5815329331732638
0.5044000000000001
0.7244302521008466
0.8952
0.691950700280104
0.3352
0.4106391356542678
0.7811620648259359
0.7984
0.6287743897559
0.5760000000000001
0.7438873149259732
0.8744000000000001
0.6996533013205245
0.3924
0.46739383753501706
0.8366368947579057
0.8540000000000001
0.5426746698679457
0.4456
0.6925291716686686
0.8848
0.69633981592637
0.3644
0.43979255702280906
0.8119153261304515
0.8296
0.5827428571428581
0.5056
0.7244869147659048
0.8952
0.6926229691876781
0.3352
0.4100830732292886
0.7806060024009567
0.7984
0.6290413765506224
0.5760000000000001
0.7435290916366516
0.8744000000000001
0.700087394957989
0.392
0.4664396958783452
0.8356827531012339
0.8536
0.54367827130853
0.4464
0.6925775110043942
0.8852000000000001
0.6969314125650358
0.36360000000000003
0.4384340936374458
0.8105568627450883
0.8288000000000001
0.5844617847138746
0.5076
0.7248979591836863
0.8952
0.6934394557822952
0.3356
0.4099270108043358
0.7804499399760039
0.7988000000000001
0.6287959983993536
0.5752
0.7432672268907643
0.8752000000000001
0.7008902761104321
0.3912
0.46508555422169967
0.8343286114445883
0.8528
0.5457987995197995
0.44880000000000003
0.6935550220088122
0.886
0.6972064025610147
0.3612
0.4354756302521089
0.8075983993597513
0.8264
0.5882196078431328
0.5128
0.726499879951986
0.8948
0.6942861944777845
0.33680000000000004
0.4105709483793567
0.7810938775510248
0.8
0.62722801120448
0.5724
0.7423431772709104
0.8764000000000001
0.7008048019207658
0.38720000000000004
0.46065850340136244
0.8305414965986407
0.8496
0.551581272509003
0.45680000000000004
0.6981253301320529
0.8888
0.6969075630252108
0.3536
0.42731716686674553
0.799439935974388
0.8188000000000001
0.6004086434573845
0.5308
0.732430252100838
0.892
0.6960240096038459
0.3448
0.41820456182472565
0.7896873949579784
0.8092
0.6148736294517838
0.5528000000000001
0.7382204081632611
0.8852000000000001
0.6983150060024086
0.3628
0.4362079231692604
0.8086506602640977
0.8284
0.5863020408163324
0.5088
0.723965266106435
0.8948
0.6951167667066945
0.336
0.4088441776710844
0.7793671068427525
0.7992
0.6290032813125179
0.5744
0.741952460984403
0.8752000000000001
0.7021541416566486
0.3904
0.462870588235307
0.8324336134453905
0.8524
0.5479028411364444
0.45
0.6929101240496303
0.8864000000000001
0.6987159663865428
0.36000000000000004
0.4327863945578331
0.8049091636654755
0.8252
0.591351260504196
0.516
0.726474589835941
0.8944000000000001
0.696099879951972
0.3376
0.40995054021609323
0.7807934373749562
0.8012
0.6264353741496571
0.5700000000000001
0.7409709483793551
0.8776
0.7018633053221243
0.3836
0.4557027611044455
0.8262256902761136
0.8468
0.5572915566226471
0.4636
0.7006541816726709
0.8904000000000001
0.6978045618247284
0.34840000000000004
0.42056582633053297
0.7923686274509805
0.8132
0.6096244897959187
0.5436
0.7349715886354533
0.8884000000000001
0.6988609843937597
0.3544
0.4264417767106819
0.7985645458183244
0.8196
0.600434573829534
0.5292
0.7306386554621817
0.8924000000000001
0.6978274509803979
0.3436
0.41533205282112307
0.7868148859543758
0.808
0.6173125250100077
0.5552
0.7376497799119597
0.8844000000000001
0.7006713085234182
0.36560000000000004
0.4372694677871064
0.8093922368947488
0.8308000000000001
0.5835202881152344
0.5028
0.7201195678271444
0.8952
0.6971047619047432
0.3352
0.4063145258103389
0.7765174869948122
0.798
0.6310240896358479
0.5764
0.7413195678271393
0.8744000000000001
0.704372148859531
0.3932
0.4638841136454699
0.8328072028811636
0.8544
0.5459297318927478
0.44480000000000003
0.6879081232493092
0.8844000000000001
0.7011529411764602
0.3652
0.43631100440176945
0.8084337735094118
0.8304
0.5844172869147607
0.5036
0.7200064025610302
0.8952
0.6977770308123173
0.3352
0.4058199279711941
0.7763428571428621
0.7984
0.6313891956782692
0.5764
0.7409618247298945
0.8744000000000001
0.7048089635854309
0.39280000000000004
0.46299127651060684
0.8322343337334954
0.8544
0.5467222088835523
0.44520000000000004
0.687559663865547
0.8844000000000001
0.7017762304921968
0.3652
0.4357525410164061
0.8078753101240486
0.8304
0.5851102040816338
0.504
0.7197157262905143
0.8952
0.6984492997198914
0.3352
0.40526386554621496
0.7757867947178829
0.7984
0.6313552621048443
0.5760000000000001
0.7404244897959149
0.8744000000000001
0.7053871148459446
0.39280000000000004
0.46243713485393506
0.8316801920768235
0.8544
0.5472134453781582
0.44520000000000004
0.6872526610644178
0.8848
0.7025190876350642
0.3648
0.4347940776310692
0.8069168467387117
0.8300000000000001
0.5863025210083925
0.5052
0.719785834333746
0.8952
0.6991215686274337
0.3352
0.4047078031212621
0.7752307322929302
0.7984
0.631622248899554
0.5760000000000001
0.7400662665066103
0.8744000000000001
0.7058253701480477
0.3924
0.46148299319728947
0.8307260504201781
0.8540000000000001
0.5482040816326448
0.446
0.6870853941576713
0.8848
0.7028638655462094
0.364
0.4334356142457058
0.8055583833533484
0.8292
0.5876902761104399
0.5068
0.7200392156862793
0.8952
0.69993341336534
0.3356
0.40455174069628297
0.7750746698679511
0.7988000000000001
0.6316902761104299
0.5756
0.7397469387755289
0.8748
0.7063857543016911
0.3916
0.46012885154064387
0.8293719087635325
0.8532000000000001
0.5496897959183442
0.4476
0.6877200480192323
0.8856
0.703453541416538
0.3624
0.43127715086036894
0.8033999199680113
0.8276
0.5900672268907402
0.51
0.720800800320147
0.8948
0.7004833933573161
0.336
0.40439567827133016
0.7749186074429982
0.7992
0.6308632252901062
0.5740000000000001
0.7391015606242626
0.8756
0.7067932773109042
0.3896
0.45763361344539666
0.8271966386554801
0.8516
0.5527604641856594
0.4516
0.6898813925570385
0.8872
0.7037387755101857
0.3584
0.4267186874750056
0.798841456582648
0.8236
0.5969022809123556
0.52
0.724435374149671
0.894
0.7017403761504446
0.3392
0.40709819927972435
0.7779410964385873
0.8028000000000001
0.6263750300119991
0.5664
0.737475630252108
0.8796
0.70639231692676
0.37920000000000004
0.44697110844338683
0.8181339735894446
0.8432000000000001
0.5672176070428105
0.4732
0.7022253701480661
0.8928
0.7025056422568945
0.34240000000000004
0.40998543417367583
0.7811482993197336
0.8064
0.6215164465786287
0.5584
0.7353336534613877
0.8828
0.7055724689875907
0.36960000000000004
0.437115966386558
0.8089187675070055
0.8344
0.5807686274509789
0.49400000000000005
0.7126612244897972
0.8952
0.7020347338935564
0.3352
0.4022981992797121
0.7728211284513802
0.7984
0.6324813125250105
0.5756
0.7385496598639445
0.8748
0.7084571428571451
0.392
0.45868171268507124
0.8279247699079597
0.8536
0.5505219687875186
0.4464
0.685202721088431
0.8852000000000001
0.7056977991196538
0.36360000000000003
0.4306156062424911
0.8027383753501336
0.8288000000000001
0.590157663065231
0.508
0.718566146458577
0.8952
0.7028444977991297
0.3356
0.402142136854733
0.7726650660264011
0.7988000000000001
0.6322565826330582
0.5748
0.7380425770308054
0.8752000000000001
0.7088873949579951
0.39080000000000004
0.4569848739495679
0.8265478991596513
0.8528
0.552588715486206
0.44880000000000003
0.6862071228491267
0.886
0.7060265706282677
0.3612
0.42765714285712775
0.7997799119647702
0.8264
0.593787274909975
0.5132
0.7202626650660126
0.8948
0.7036643457383164
0.33680000000000004
0.40284305722287106
0.773685954381734
0.8004
0.630859383753511
0.5720000000000001
0.7370508203281182
0.8764000000000001
0.7088897959183891
0.38680000000000003
0.4525438975590025
0.8227468587434756
0.8496
0.5584797118847282
0.4572
0.6910480992397235
0.8888
0.7057658263304987
0.3532
0.4190986794718173
0.7912214485794598
0.8184
0.6057387755101873
0.5316000000000001
0.726509963985615
0.8916000000000001
0.7050937174869641
0.3452
0.4107995198079486
0.7822823529412013
0.8096
0.6181006802720954
0.5512
0.7323322929171839
0.886
0.7070765906362285
0.3612
0.42678271308525656
0.7992254501800939
0.8268000000000001
0.5939250900360001
0.5124000000000001
0.7191316526610814
0.8948
0.7047807923169028
0.33680000000000004
0.4018593037215079
0.772382232893176
0.8
0.6315086034413677
0.5724
0.7366256902761219
0.8764000000000001
0.710005442176853
0.38720000000000004
0.4520179271708846
0.8222208883553579
0.8500000000000001
0.558480992396946
0.456
0.6894164065626385
0.8884000000000001
0.7069810324129494
0.3544
0.41936790716287836
0.7914906762705208
0.8196
0.6048504201680598
0.5292
0.7251158063225379
0.8924000000000001
0.7061725490195951
0.3436
0.4082703481392659
0.7797531812725186
0.808
0.6208609843937527
0.5548000000000001
0.732459543817533
0.8844000000000001
0.7085602240896274
0.36560000000000004
0.43019559823930287
0.8023183673469454
0.8308000000000001
0.5888033613445337
0.5032
0.7143372549019652
0.8952
0.7056201680672213
0.3352
0.39927715086034815
0.7694801120448214
0.798
0.6343937575029999
0.5764
0.7367881552621063
0.8744000000000001
0.7115540616246483
0.39280000000000004
0.45652629051620747
0.825769347739096
0.8544
0.5521581432573033
0.44480000000000003
0.6812235294117639
0.8844000000000001
0.709047939175672
0.3652
0.4292371348539395
0.801359903961582
0.8304
0.5893866346538639
0.5036
0.7140517006802688
0.8952
0.7062924369747954
0.3352
0.3987764705882301
0.7692993997598983
0.7984
0.6347649459783944
0.5764
0.7364304121648615
0.8744000000000001
0.712132212885162
0.39280000000000004
0.4559721488595357
0.8252152060824243
0.8544
0.5529445378151344
0.44520000000000004
0.6810957983193182
0.8848
0.7098020008003321
0.3648
0.4282786714685761
0.8004014405762186
0.8300000000000001
0.5902625050020096
0.5044000000000001
0.7139526210484084
0.8952
0.7069647058823695
0.3352
0.398220408163251
0.7687433373349191
0.7984
0.6347370948379427
0.5760000000000001
0.7358869947979088
0.8744000000000001
0.7125760704281887
0.3924
0.4550180072028639
0.8242610644257524
0.8540000000000001
0.5536241696678836
0.4456
0.680753901560606
0.8848
0.7102921168467611
0.3644
0.42732020808321275
0.7994429771908552
0.8296
0.5914295318127034
0.5056
0.7140414565826586
0.8952
0.70763697478988
0.3352
0.3976643457383245
0.7681872749099925
0.7984
0.6347102040816193
0.5756
0.7355564625850517
0.8748
0.7132870748299042
0.392
0.4540638655462445
0.8233069227691331
0.8536
0.5548893157262687
0.44680000000000003
0.6809992797119078
0.8852000000000001
0.7107822328931307
0.3632
0.42561536614648177
0.7980581032413192
0.8288000000000001
0.5933669467786964
0.508
0.7146925970388333
0.8952
0.708442737094813
0.3356
0.39750828331334537
0.7680312124850135
0.7988000000000001
0.6344974789915876
0.5748
0.7350373749499918
0.8752000000000001
0.713733333333315
0.39080000000000004
0.45236302521010097
0.8219260504201844
0.8528
0.5566303321328394
0.44880000000000003
0.681833373349354
0.886
0.7111434973989431
0.3608
0.42265642256904157
0.7950991596638789
0.8264
0.5972136054421684
0.5136000000000001
0.7166320928371448
0.8948
0.7092465786314388
0.33680000000000004
0.3982052020808432
0.7690480992397062
0.8004
0.633144297719083
0.5720000000000001
0.734218487394964
0.8768
0.7139220488195189
0.3864
0.4475140456182551
0.8177170068027283
0.8492000000000001
0.562883553421363
0.458
0.687104921968793
0.8888
0.7109912765105981
0.3528
0.4140448179271756
0.7861675870348181
0.8180000000000001
0.6096709083633431
0.5332
0.7234456982793139
0.8912
0.7105575030011978
0.34600000000000003
0.4070061624649877
0.7788089635854353
0.8108000000000001
0.6192537815126049
0.5488000000000001
0.7282821928771508
0.8868
0.7122000800320137
0.3592
0.42007250900360005
0.7921952781112425
0.8244
0.6002236094437793
0.5176000000000001
0.7173224489795893
0.894
0.710356302521013
0.33840000000000003
0.3988776310524166
0.7697205282112796
0.802
0.6314037615046048
0.5684
0.7327657462985152
0.8784000000000001
0.7145224489795993
0.382
0.4422921168467312
0.8131350140055942
0.8456
0.5691169267707155
0.46680000000000005
0.6918641056422484
0.8916000000000001
0.7116982793117365
0.34600000000000003
0.4062103241296413
0.777693157262894
0.8104
0.6201485394157729
0.5496
0.7279058823529322
0.8864000000000001
0.713039775910379
0.36000000000000004
0.42012789115644894
0.7922506602640914
0.8252
0.5997648659463884
0.516
0.7161779911964661
0.8944000000000001
0.7112509003601635
0.3376
0.3973355742296752
0.7681784713885382
0.8012
0.6327265306122538
0.5700000000000001
0.7326008803521287
0.8776
0.7153054821928976
0.3836
0.4431500600239899
0.8139929571828528
0.8472000000000001
0.5678274509804095
0.4636
0.689040576230521
0.8904000000000001
0.7125528611444222
0.34840000000000004
0.4079182072829432
0.7797210084033908
0.8132
0.6169605442176704
0.5436
0.7255892757103051
0.8884000000000001
0.713391596638624
0.3544
0.41378327330935066
0.7859060424169931
0.8196
0.6083366146458423
0.5292
0.7205446978791712
0.892
0.7124917166866458
0.3436
0.40269531812727477
0.7741781512605275
0.808
0.6239006002400838
0.5548000000000001
0.7285027611044574
0.8844000000000001
0.714657543017183
0.3652
0.4242109643857751
0.7963337334934175
0.8304
0.5929174869947842
0.5036
0.7098207282913325
0.8952
0.7123428571428351
0.3352
0.3937719087635231
0.764294837935191
0.7984
0.6371635054021529
0.5764
0.7332107242897261
0.8744000000000001
0.7173355742296761
0.39280000000000004
0.4509848739495944
0.8202279311724829
0.8544
0.5573656662664948
0.44520000000000004
0.6761358943577552
0.8844000000000001
0.7151505402160728
0.3648
0.4232525010004118
0.7953752701080543
0.8300000000000001
0.5937803921568555
0.5044000000000001
0.7097302921168549
0.8952
0.7130151260504092
0.3352
0.3932158463385439
0.763738775510212
0.7984
0.6371399759903927
0.5760000000000001
0.732662985194082
0.8744000000000001
0.7179137254901898
0.39280000000000004
0.45038079231693223
0.8193038815526259
0.8540000000000001
0.558036654661861
0.4456
0.6760086434573864
0.8848
0.7159146858743464
0.3644
0.4222940376150484
0.7944168067226909
0.8296
0.5946404161664658
0.5052
0.7096417767106847
0.8952
0.7136873949579833
0.3352
0.39265978391356476
0.7631827130852329
0.7984
0.637406962785115
0.5760000000000001
0.7323047619047603
0.8744000000000001
0.7183623849539849
0.3924
0.44947659063625084
0.8187196478591394
0.8540000000000001
0.55910572228892
0.4464
0.6760720288115194
0.8852000000000001
0.7165514205682343
0.36360000000000003
0.4209355742296851
0.7930583433373276
0.8288000000000001
0.5962545018007259
0.5072
0.7101275710284041
0.8952
0.7144888355342248
0.3356
0.3925037214885856
0.7630266506602537
0.7988000000000001
0.637206722689081
0.5752
0.7317736694677797
0.8748
0.718824969988008
0.3912
0.4477714285714157
0.8173344537814993
0.8532000000000001
0.5605285314125774
0.448
0.6765186074429633
0.8856
0.7169333333333507
0.36200000000000004
0.4187771108443218
0.7908998799519642
0.8272
0.5993719087635172
0.5116
0.7115571028411218
0.8948
0.715146698679494
0.33640000000000003
0.3927476590636065
0.7632705882352746
0.7996000000000001
0.6362549819928071
0.5732
0.7310825130052229
0.876
0.7193202080832004
0.3884
0.44446530612247953
0.8143482993197578
0.8508
0.5646721088435123
0.454
0.6801176470588505
0.888
0.7172661064425447
0.35600000000000004
0.41221864745901127
0.7843414165666538
0.8212
0.6078762705081865
0.5252
0.7165755902361148
0.8928
0.7161248499399462
0.3416
0.3974879551820974
0.7686508203281552
0.8056000000000001
0.628697238895546
0.56
0.7277150860344296
0.8824000000000001
0.7187505402160621
0.37120000000000003
0.4269983193277526
0.7988011204482002
0.8360000000000001
0.5869187675069878
0.49000000000000005
0.7004182472989368
0.8948
0.7161360544217459
0.336
0.39142088835536054
0.7619438175270286
0.7992
0.6371713485394075
0.5740000000000001
0.7306533813525519
0.8756
0.7204067226890589
0.3896
0.4447401360544371
0.8146231292517154
0.8520000000000001
0.563789675870336
0.45120000000000005
0.6772797118847667
0.8868
0.7184062424969841
0.3588
0.41408787515007234
0.7862106442577148
0.8240000000000001
0.604656582633046
0.5188
0.7133815126050504
0.894
0.7171535814325612
0.3388
0.393712204881962
0.764555102040825
0.8024
0.6337461384553781
0.5676
0.728866106442582
0.8788
0.7203726290516134
0.3808
0.4355266906762767
0.8063695878351396
0.8444
0.5753358943577391
0.4696
0.6883217286914806
0.892
0.7180126450580189
0.34440000000000004
0.3990352941176502
0.770518127250903
0.8088000000000001
0.62569731892757
0.5536
0.7249651860744307
0.8848
0.7195361344537807
0.364
0.4185432573029212
0.7906660264105637
0.8292
0.5977243697479
0.5064000000000001
0.7074122448979577
0.8952
0.7178477791116475
0.3356
0.3896766706682643
0.7598796318527374
0.7984
0.6387222088835555
0.5756
0.7301687074829901
0.8748
0.7218543417367004
0.3916
0.44539831932772506
0.8149613445378086
0.8536
0.5625011604641921
0.44720000000000004
0.6735049219687801
0.8856
0.7203290916366643
0.3628
0.4167847939175579
0.7889075630252004
0.8280000000000001
0.6000617847138927
0.5096
0.7082885954381661
0.8948
0.7183721488595578
0.336
0.3895673469387634
0.7600902761104313
0.7992
0.638072509003608
0.5740000000000001
0.7294464985994307
0.8756
0.7223515006002554
0.3896
0.44288979591835215
0.8127727891156304
0.8520000000000001
0.5653935174069771
0.45120000000000005
0.6755366146458424
0.8868
0.7205190876350742
0.3588
0.41222633053219454
0.784349099639837
0.8240000000000001
0.6058778711484722
0.5188
0.7118801120448444
0.894
0.719375270108005
0.3388
0.39185706282516136
0.7626999599840243
0.8024
0.634685714285699
0.5676
0.7276208083233492
0.8788
0.7223654261704372
0.3808
0.4336715486194761
0.8045144457783391
0.8444
0.577121248499378
0.47000000000000003
0.686825930372173
0.892
0.7200784313725185
0.34400000000000003
0.3967769507803374
0.7682597839135901
0.8084
0.6268893157262774
0.554
0.7238344937975357
0.8848
0.7217454981992542
0.3644
0.41708171268509625
0.7892044817927387
0.8296
0.5985603841536469
0.5056
0.7054668267307094
0.8952
0.7199619047618809
0.3352
0.38746986794719795
0.757992797118866
0.7984
0.6398988395358058
0.5760000000000001
0.7289613445378264
0.8744000000000001
0.723762945178054
0.3924
0.4443046018407523
0.8135476590636409
0.8540000000000001
0.563672669067614
0.4464
0.6711555022008939
0.8852000000000001
0.7223956782712933
0.36360000000000003
0.415723249299733
0.7878460184073754
0.8288000000000001
0.5998578631452499
0.5072
0.7057802320928465
0.8952
0.7207588635454054
0.3356
0.38731380552221883
0.7578367346938869
0.7988000000000001
0.639712044817923
0.5752
0.7284168067226944
0.8748
0.7242434573829454
0.3912
0.44259495798320014
0.8121579831932837
0.8532000000000001
0.5653530212084785
0.4484
0.6718111244497846
0.8856
0.7226756302520959
0.36160000000000003
0.4131647859143696
0.7852875550220121
0.8268000000000001
0.6030765906362527
0.512
0.7074593037214902
0.8948
0.7214032813125234
0.33640000000000003
0.38760192076830813
0.758444817927171
0.8
0.6386234493797521
0.5728
0.7274938775510197
0.876
0.7246594637855159
0.388
0.4388843537414943
0.8087673469387726
0.8504
0.5695699079631883
0.45480000000000004
0.6756470588235256
0.888
0.7229791116446633
0.3552
0.40620632252900624
0.7783290916366488
0.8204
0.6120955582232935
0.5268
0.7132417767106787
0.8928
0.7225482192877244
0.34240000000000004
0.3930890756302437
0.7642519407763015
0.8064
0.6302636254501852
0.558
0.7235279711884682
0.8832000000000001
0.7244132853141378
0.36920000000000003
0.4197904761904647
0.7915932773109123
0.8340000000000001
0.5936145658263399
0.4948
0.6984448179271594
0.8952
0.7224268907563193
0.3352
0.3854309723889411
0.7559539015606092
0.7984
0.6408777911164542
0.5760000000000001
0.727647859143647
0.8744000000000001
0.7258845938375527
0.3924
0.4422727490996224
0.811515806322511
0.8540000000000001
0.5649005202080999
0.4456
0.6686271308523725
0.8848
0.724660904361708
0.3644
0.4144755502201202
0.7865983193277626
0.8296
0.600658503401339
0.506
0.7034812324930226
0.8952
0.7232220888354984
0.3356
0.385232012805151
0.7554349739896242
0.7984
0.6408619447778978
0.5756
0.7272952380952556
0.8748
0.7266176870748022
0.392
0.44131860744300305
0.8105616646658915
0.8536
0.5661214885954164
0.44680000000000003
0.6688945978391585
0.8852000000000001
0.7251951980792053
0.3632
0.4127170868347569
0.7848398559423992
0.8284
0.6023895958383204
0.5084000000000001
0.7041991196478767
0.8952
0.7238938775509958
0.3356
0.3847188475390354
0.7552417767107036
0.7988000000000001
0.6406823529411675
0.5748
0.7267430172068945
0.8752000000000001
0.7271081232492816
0.39080000000000004
0.43956446578633124
0.8088075230092198
0.8524
0.5682317727090702
0.4496
0.6703596638655603
0.8864000000000001
0.7258005602240735
0.3604
0.4093586234493935
0.781481392557036
0.8256
0.6064605042016723
0.5148
0.7064987595038112
0.8944000000000001
0.7244974789915831
0.3372
0.38580472188876613
0.7566476190476292
0.8008000000000001
0.6387231692677025
0.5708
0.7254100040016065
0.8772000000000001
0.7273752701080346
0.38520000000000004
0.4335356542617123
0.8037386154461855
0.8480000000000001
0.57502040816326
0.46040000000000003
0.6768033613445432
0.8896000000000001
0.7256176070428112
0.3504
0.39880016006403013
0.7709229291716726
0.8156
0.6204840336134434
0.5384
0.7155366146458604
0.89
0.725990396158461
0.35000000000000003
0.39817254901960936
0.769975350140057
0.8148000000000001
0.6212019207683073
0.5396000000000001
0.715790476190476
0.8896000000000001
0.7262917967186886
0.3512
0.39918655462184716
0.7709893557422948
0.8160000000000001
0.6196997198879569
0.5368
0.7146612244897934
0.8904000000000001
0.726337895158068
0.3488
0.39660056022408496
0.7684033613445325
0.8136
0.6230328931572663
0.5424
0.7165010004001553
0.8888
0.7267697478991679
0.3532
0.400855542216879
0.7729783113245214
0.8184
0.6169858343337391
0.5316000000000001
0.7123923169267634
0.8916000000000001
0.726521168467399
0.3452
0.39262857142856067
0.7644313725490083
0.81
0.6280725090036082
0.5508000000000001
0.7190036014405672
0.886
0.7276569827931323
0.3612
0.4084832332933035
0.7806060024009459
0.8264
0.60641568627452
0.5128
0.7043350140055894
0.8948
0.7266631452581228
0.33680000000000004
0.38369459783911886
0.7542175270107869
0.8
0.640434093637464
0.5724
0.7247041216486473
0.8764000000000001
0.7291897559023257
0.38720000000000004
0.43386890756305796
0.8040718687475312
0.8500000000000001
0.5742122448979324
0.45640000000000003
0.6726593037215175
0.8884000000000001
0.7278020008002852
0.35400000000000004
0.40072476990799305
0.7728475390156355
0.8192
0.6166789915966209
0.53
0.7110724289716104
0.892
0.7276542617046498
0.34440000000000004
0.3908585834334001
0.7623414165666529
0.8088000000000001
0.6301906362544878
0.5536
0.7191337334934151
0.8848
0.728705882352914
0.364
0.41035246098441747
0.7824752300920599
0.8292
0.6036877150860189
0.5068
0.700766866746717
0.8952
0.7277006802720833
0.3356
0.3815678271308729
0.752090756302541
0.7988000000000001
0.642765426170459
0.5756
0.724900680272121
0.8748
0.7303620648259115
0.3916
0.43722432973191017
0.8064673869547987
0.8532000000000001
0.5698156062424828
0.4476
0.6659865546218635
0.8856
0.7294146458583264
0.3624
0.4081939975990541
0.7803167667066966
0.8276
0.6058264905962294
0.51
0.7017070828331438
0.8948
0.72821096438574
0.336
0.3814117647058937
0.7519346938775617
0.7992
0.6420376150460135
0.5740000000000001
0.7241362144858006
0.8756
0.7309085234093544
0.3896
0.43470924369748726
0.8042722689075708
0.8516
0.5726084033613384
0.4516
0.6682669867947735
0.8872
0.7299777511004335
0.3584
0.40363553421374365
0.7757583033213331
0.8236
0.6119668667466616
0.52
0.7058775510204109
0.894
0.7292694677870484
0.3392
0.38409443777511226
0.7549373349340279
0.8028000000000001
0.6381051620648255
0.5664
0.7219346938775869
0.8796
0.7312220888355345
0.37920000000000004
0.4239474989996518
0.7951103641456568
0.8432000000000001
0.5855769507802717
0.4732
0.6814048819527787
0.8928
0.7298164065625664
0.34240000000000004
0.38696182472988805
0.7581246898759986
0.8064
0.634100520208086
0.5588000000000001
0.7194386554622177
0.8828
0.7310373749499871
0.36960000000000004
0.41405266106447164
0.7858554621848663
0.8344
0.5976592236894431
0.49400000000000005
0.692753741496591
0.8952
0.7298218487394434
0.3352
0.37931428571427567
0.7498372148859964
0.7984
0.6435366146458638
0.5756
0.7237034013605705
0.8748
0.7324136054421899
0.392
0.43577719087639
0.8050202480992261
0.8536
0.571005042016773
0.44680000000000003
0.6636316926770568
0.8852000000000001
0.731461704681831
0.3632
0.4071702280912203
0.7796129651861106
0.8288000000000001
0.6060757102841257
0.508
0.6993533413365636
0.8952
0.7306117647059048
0.3356
0.3791582232893492
0.7496811524609647
0.7988000000000001
0.6433714285714129
0.5748
0.7231367747098704
0.8752000000000001
0.7329232492996876
0.39080000000000004
0.43406050420165854
0.8036235294117944
0.8528
0.572635134053642
0.44880000000000003
0.664513325330159
0.886
0.7319497398959864
0.3608
0.40421128451383304
0.7766540216086174
0.8264
0.6096054421768531
0.5136000000000001
0.7015305322128629
0.8948
0.7313522208883254
0.33680000000000004
0.379839295718259
0.7506821928771745
0.8004
0.6419154861944925
0.5716
0.7219406162465134
0.8768
0.7333496598639782
0.3864
0.42917983193279435
0.7993827931172149
0.8492000000000001
0.5783812725089867
0.458
0.6702352941176162
0.8892
0.732508523409342
0.3528
0.39557871148455925
0.7673815126050596
0.8176
0.6208302521008623
0.5332
0.7092632252901288
0.8912
0.7322727490996833
0.34640000000000004
0.3889560624249852
0.7604388955581851
0.8108000000000001
0.6296331332532935
0.5488000000000001
0.7148920368146972
0.8868
0.7331014005602097
0.3592
0.401643217286874
0.7737659863945694
0.8244
0.6126541816726967
0.518
0.7026146458583516
0.894
0.7323668667467503
0.33840000000000003
0.38051172468988503
0.7513546218486953
0.802
0.6406580232092798
0.5684
0.7204848339336135
0.8784000000000001
0.7340715486194408
0.3816
0.4235262104842524
0.7943691076430626
0.8452000000000001
0.5848278511404095
0.468
0.6756470588235333
0.8916000000000001
0.7330805922368285
0.3452
0.38704873949580126
0.7588515406163017
0.81
0.6314601040416157
0.5512
0.7151836734694266
0.886
0.733957102841136
0.3612
0.4029344537815654
0.7753771908763498
0.8268000000000001
0.6103046018407016
0.5128
0.6997491796718671
0.8948
0.7333618247298317
0.33680000000000004
0.3781339735894326
0.7486569027611534
0.8
0.643166386554624
0.5724
0.7210546618647772
0.8764000000000001
0.7350625050020068
0.38720000000000004
0.42831308523414
0.7985160464185607
0.8500000000000001
0.5786618647458599
0.456
0.6672686674669793
0.8884000000000001
0.7343327731091931
0.3544
0.3955401360544124
0.7676629051621078
0.8196
0.6197248499399826
0.5292
0.706317246898792
0.892
0.7339975990396298
0.3436
0.38448355342140894
0.7559663865546089
0.808
0.6338300120047806
0.5548000000000001
0.7155772709083533
0.8844000000000001
0.73501832733089
0.3652
0.4059678271308369
0.7780905962385323
0.8304
0.6057331732693195
0.5036
0.6944638655462485
0.8952
0.7343036414566042
0.3352
0.37560720288118665
0.746130132052802
0.7984
0.6458693877550863
0.5764
0.7215244497798989
0.8744000000000001
0.7362218487394628
0.39280000000000004
0.4328829131652447
0.8021259703881858
0.8544
0.5734127250900561
0.44520000000000004
0.6589123649460062
0.8844000000000001
0.7356416166466856
0.3652
0.4054093637455264
0.777532132853116
0.8304
0.6066745098039027
0.5044000000000001
0.694404801920746
0.8952
0.7349759103641147
0.3352
0.37505114045615484
0.7455740696278755
0.7984
0.645861544617861
0.5760000000000001
0.7209610244097789
0.8744000000000001
0.7368000000000313
0.39280000000000004
0.4322945178071448
0.8012176070427861
0.8540000000000001
0.5740523409363563
0.4456
0.6587851140455874
0.8848
0.7363225290115828
0.3644
0.40405090036011015
0.7761736694678054
0.8296
0.607361984793942
0.5052
0.6943476590636398
0.8952
0.7356481792717524
0.3352
0.37449507803122833
0.7450180072028437
0.7984
0.646128531412558
0.5760000000000001
0.7206028011204233
0.8744000000000001
0.7372643457382815
0.3924
0.43137462985190106
0.8006176870748422
0.8540000000000001
0.575090036014442
0.4464
0.6588641856742802
0.8852000000000001
0.7370063225290593
0.36360000000000003
0.4027260504201779
0.7751687875149622
0.8292
0.6089927170868288
0.5072
0.6949118847539523
0.8952
0.7364339335734206
0.3356
0.37433901560630184
0.7448619447779172
0.7988000000000001
0.645975350140028
0.5752
0.7200246498599472
0.8748
0.7377896758702888
0.3912
0.42965378151260863
0.7992168067227446
0.8532000000000001
0.5764187274909943
0.448
0.6593578231293031
0.8856
0.7374666666666654
0.36200000000000004
0.4005339735894893
0.7726567426970788
0.8272
0.6114753101240141
0.5112
0.6963226890756292
0.8948
0.7370447378950968
0.33640000000000003
0.37458295318127005
0.7451058823529908
0.7996000000000001
0.645133413365348
0.5732
0.7192080032013122
0.876
0.7384417767106894
0.3884
0.4263319727891627
0.7962149659863884
0.8508
0.5799601440575837
0.4536
0.6626980392156794
0.8876000000000001
0.7379542216886242
0.3564
0.394375510204073
0.7664982793117683
0.8216
0.6187937575030076
0.524
0.7017301320528548
0.8932
0.737802961184487
0.3408
0.37849187675074136
0.7496547418967465
0.8048000000000001
0.6394356142456775
0.562
0.715725170068018
0.8816
0.7388965186074008
0.37360000000000004
0.41113853541415096
0.7826213685474565
0.8380000000000001
0.597858823529424
0.4852
0.6818583433373668
0.8944000000000001
0.7380985994397966
0.3372
0.3744561824730241
0.7449791116446395
0.8004
0.6444816326530446
0.5712
0.7179466986794589
0.8768
0.7392089635853998
0.3856
0.4226708283313117
0.7931937575030324
0.8488
0.5839218887555208
0.4592
0.6657024409764185
0.8896000000000001
0.7391150060024281
0.3516
0.38861288515409054
0.7604156862744853
0.8164
0.625876110444161
0.536
0.7060881952780915
0.8908
0.7391895958383046
0.34800000000000003
0.3848268907562755
0.756629691876776
0.8128000000000001
0.6302655462185038
0.544
0.7089647058823707
0.8884000000000001
0.7395727891156801
0.3548
0.3914724289716114
0.7635951980792011
0.8200000000000001
0.6218279311724555
0.528
0.7023987194877701
0.8924000000000001
0.7394415366146219
0.3432
0.3796235294117316
0.751106362545037
0.8076
0.6372182472989382
0.5564
0.7130554621848866
0.884
0.7402721088435771
0.3672
0.4034689075630419
0.7752717086834366
0.8320000000000001
0.6066756302520899
0.49960000000000004
0.6886141656662341
0.8952
0.7396817927170698
0.3352
0.37112765106038503
0.7413306122449108
0.798
0.648143417366966
0.5768
0.7186805922369022
0.874
0.7406689075630684
0.3932
0.4288497799119752
0.7980928371348113
0.8548
0.5766593037214804
0.444
0.6538759503802103
0.884
0.740560224089627
0.366
0.4017416566627254
0.773864425770315
0.8312
0.6081693477390538
0.5016
0.6891860744297766
0.8952
0.7403540616245802
0.3352
0.37057206882753535
0.7407750300120612
0.798
0.6481384553821514
0.5764
0.7181142857143212
0.874
0.7412460984393738
0.3932
0.4282956382553559
0.797538695478192
0.8548
0.5774228091236028
0.4444
0.6537477390956378
0.8844000000000001
0.7414717887154286
0.366
0.4011529411764688
0.7729557422969693
0.8308000000000001
0.6089755902360966
0.5024000000000001
0.6891332533013621
0.8952
0.741026330532218
0.3352
0.37001648659468567
0.7402194477791062
0.798
0.6484044817926948
0.5764
0.7179470188075188
0.8744000000000001
0.7421133253300849
0.3932
0.4277115646258425
0.7966346538615887
0.8544
0.5777853541416648
0.4444
0.6532195278111653
0.8844000000000001
0.7419843137255018
0.36560000000000004
0.40022472989199875
0.7723474989995883
0.8308000000000001
0.6096395358142971
0.5028
0.6888720288115138
0.8952
0.7416985994397284
0.3352
0.36946090436173074
0.7396638655462566
0.798
0.6486705082032886
0.5764
0.7175892757103078
0.8744000000000001
0.7426909963985766
0.3932
0.4271579031613
0.7960809923969412
0.8544
0.5785469387754798
0.44480000000000003
0.6529019607842959
0.8844000000000001
0.7424977991196107
0.3652
0.3992662665065825
0.7713890356142779
0.8304
0.6104409763905714
0.5036
0.688822569027637
0.8952
0.7423708683473662
0.3352
0.3689344537815421
0.7394573829531574
0.7984
0.6490674669867812
0.5764
0.7172315326130292
0.8744000000000001
0.7431596638655181
0.39280000000000004
0.42623321328528807
0.795476270508229
0.8544
0.5793075630252343
0.44520000000000004
0.6525853541416801
0.8844000000000001
0.7431210884354063
0.3652
0.398707803121272
0.7708305722288615
0.8304
0.6111020408163109
0.504
0.688563745498173
0.8952
0.7430431372548766
0.3352
0.3683783913565103
0.738901320528231
0.7984
0.649065386154478
0.5760000000000001
0.7166623449379872
0.8744000000000001
0.7437378151260866
0.39280000000000004
0.4256505802321101
0.7945736694677514
0.8540000000000001
0.5799356542616905
0.4456
0.6524581032412613
0.8848
0.7439276510604076
0.3648
0.3977493397358558
0.7698721088435512
0.8300000000000001
0.6121669467787393
0.5052
0.6887294117647162
0.8952
0.7437154061625144
0.3352
0.3678223289315838
0.7383452581031992
0.7984
0.6493323729491749
0.5760000000000001
0.7163041216486995
0.8744000000000001
0.7442079231692587
0.3924
0.42472492997204936
0.7939679871948855
0.8540000000000001
0.580693877550968
0.446
0.6521429371748759
0.8848
0.7443361344537159
0.364
0.39639087635054526
0.7685136454582406
0.8292
0.613363585434171
0.5068
0.6891102040816796
0.8952
0.7444953981592606
0.3356
0.36766626650665735
0.7381891956782727
0.7988000000000001
0.6491964785914108
0.5752
0.7157086834733895
0.8748
0.744863865546164
0.3916
0.4233707883153251
0.7926138455382662
0.8532000000000001
0.5819884753901581
0.4476
0.6528412965186545
0.8856
0.7450095238095278
0.36200000000000004
0.39385978391361426
0.7663025210083987
0.8276
0.6158929171668344
0.5108
0.6905839135654213
0.8948
0.745088915566171
0.33640000000000003
0.3679102040816255
0.7384331332533463
0.7996000000000001
0.6486620248099281
0.5736
0.7148717086835019
0.8756
0.7452801920768408
0.38880000000000003
0.42007074829936214
0.7899537414965878
0.8512000000000001
0.5852811524609489
0.45280000000000004
0.6558328931572517
0.8872
0.7455273309323271
0.3572
0.3884739495798186
0.760596718687514
0.8224
0.6222799519808017
0.5224
0.6957454981993099
0.8936000000000001
0.7458404161664854
0.34
0.3710076030412529
0.742170468187258
0.804
0.6437333333333151
0.5636
0.7116012805121925
0.8808
0.7461608643457014
0.37560000000000004
0.40644849939974054
0.777931332533046
0.8400000000000001
0.6004105642257063
0.48040000000000005
0.6732147258903842
0.894
0.7462577030812587
0.3388
0.3694098439376053
0.7402527410964155
0.8024
0.6457882352941029
0.5672
0.7125253301320366
0.8792000000000001
0.7465594237694779
0.38
0.4104505802320673
0.781613445378178
0.8440000000000001
0.5959142056822945
0.4712
0.6672206482593268
0.8924000000000001
0.7466938775510537
0.3432
0.3734909963985836
0.7449738295317835
0.8076
0.6402693877550896
0.556
0.7085154061624435
0.884
0.7469906362544776
0.3668
0.3969570228090919
0.7690797919167873
0.8320000000000001
0.6115967987195113
0.5004000000000001
0.6838184873949744
0.8952
0.7470767507003213
0.3352
0.3650162464986174
0.735219207683038
0.798
0.6510644257703001
0.5768
0.7147559823929337
0.874
0.747018007202865
0.3932
0.42275422168863785
0.7919972789115789
0.8548
0.5820840336134799
0.444
0.6480656262505127
0.884
0.7474005602241346
0.366
0.3955985594237814
0.7677213285313711
0.8312
0.6125218087234818
0.5016
0.6839884753902093
0.8952
0.7477490196078317
0.3352
0.36446066426576773
0.7346636254501884
0.798
0.6510647458983305
0.5764
0.7141843937575075
0.874
0.7475951980791704
0.3932
0.42220008003201853
0.7914431372549595
0.8548
0.5828422569027571
0.4444
0.6479374149660402
0.8844000000000001
0.7483174069627814
0.366
0.39501512605047573
0.7668179271708706
0.8308000000000001
0.6133122048819144
0.5024000000000001
0.6839462184873958
0.8952
0.7484212885153422
0.3352
0.3639050820328128
0.7341080432173386
0.798
0.6513307723089243
0.5764
0.7140118447379277
0.8744000000000001
0.748467707082836
0.3932
0.4216212885154552
0.7905443777510965
0.8544
0.5831995198078807
0.4444
0.6474092036814677
0.8844000000000001
0.7488352140855818
0.36560000000000004
0.3940816326530548
0.7662044017607501
0.8308000000000001
0.6139708683473444
0.5028
0.6836902761104817
0.8952
0.7490935574229799
0.3352
0.3633494997999631
0.7335524609843838
0.798
0.6515967987194677
0.5764
0.713654101640649
0.8744000000000001
0.7490453781512183
0.3932
0.4210676270508078
0.789990716286554
0.8544
0.5839558223289438
0.44480000000000003
0.6470969187675434
0.8844000000000001
0.749353981592654
0.3652
0.3931231692677443
0.7652459383753338
0.8304
0.6147564625850088
0.5036
0.6836513805522062
0.8952
0.7497658263304904
0.3352
0.36281776710682406
0.7333406962785447
0.7984
0.6519990396158559
0.5764
0.7132963585434381
0.8744000000000001
0.7495193277311144
0.39280000000000004
0.4201376550620557
0.7893807122848917
0.8544
0.5847111644657601
0.44520000000000004
0.6467855942376728
0.8844000000000001
0.7499772709083314
0.3652
0.39256470588232806
0.7646874749900234
0.8304
0.6154122448979775
0.504
0.6833978391356763
0.8952
0.7504380952381281
0.3352
0.36226170468189756
0.7327846338535129
0.7984
0.6520022408963473
0.5760000000000001
0.7127218887554831
0.8744000000000001
0.7500974789915734
0.39280000000000004
0.41956030412161793
0.7884833933573641
0.8540000000000001
0.5853286914766189
0.4456
0.6466583433373538
0.8848
0.7506913165266481
0.3644
0.3912292917167055
0.76367202881149
0.8300000000000001
0.6164560224089514
0.5052
0.6835793517406661
0.8952
0.7511103641456386
0.3352
0.36170564225686574
0.7322285714285865
0.7984
0.6522692276910949
0.5760000000000001
0.7123636654661955
0.8744000000000001
0.7505728691477002
0.3924
0.41862937174871206
0.7878724289715482
0.8540000000000001
0.5863442977190776
0.4464
0.6465658263304925
0.8848
0.7512134453781398
0.364
0.3902477791117071
0.7623705482192967
0.8292
0.6176209683873125
0.5068
0.6839812725090101
0.8952
0.7518850740295396
0.3356
0.36154957983193925
0.73207250900366
0.7988000000000001
0.6521491796718663
0.5752
0.711752380952418
0.8748
0.7512446578631411
0.3916
0.4172752300920927
0.7865182873149288
0.8532000000000001
0.5876067226890276
0.448
0.6472752300920384
0.8856
0.7519238095237489
0.36200000000000004
0.38768931572629095
0.7598120848339862
0.8272
0.6199383753501406
0.5108
0.6855130852341361
0.8948
0.7524627450980417
0.33640000000000003
0.3617935174070128
0.7323164465786283
0.7996000000000001
0.6516464185674032
0.5736
0.7110655462184845
0.876
0.7520067226890257
0.38880000000000003
0.41396462585033444
0.7838476190476653
0.8512000000000001
0.5908038415366207
0.45320000000000005
0.6504965186074854
0.8876000000000001
0.7527228491396653
0.3568
0.38193085234098045
0.75405362144857
0.8220000000000001
0.6266261704681597
0.5232
0.691099159663857
0.8932
0.752953821528562
0.34040000000000004
0.36528035214084453
0.736443217286955
0.8044
0.6465237294918036
0.5628000000000001
0.7071566226490865
0.8812000000000001
0.7529282112845295
0.3748
0.3995159663865925
0.7709987995197924
0.8392000000000001
0.6061877551020127
0.4824
0.6690282513005054
0.8944000000000001
0.7536857943176848
0.338
0.3624878751500421
0.7333307723089577
0.8016000000000001
0.6499215686274606
0.5692
0.7089570228091455
0.878
0.7528605042017025
0.3824
0.4067023609444094
0.7775452581032197
0.8460000000000001
0.5978799519807674
0.4656
0.6580481792716877
0.8912
0.7539563025209741
0.3468
0.37095846338533
0.7424412965186356
0.8112
0.6393695078031356
0.5476
0.7010247298919764
0.8872
0.7540000000000303
0.35800000000000004
0.38201392557025377
0.7541366946778434
0.8232
0.6259377350940217
0.5204
0.6888552220888122
0.8936000000000001
0.754278991596611
0.3392
0.36296630652257883
0.7341291716686894
0.8032
0.648508043217303
0.5656
0.7072078431372689
0.8796
0.7538487394958336
0.3784
0.40198063225292063
0.7731434973989257
0.8424
0.6032172869147514
0.4748
0.6633227691076113
0.8932
0.754923889555802
0.3412
0.36459495798315694
0.7357578231292675
0.8052
0.6462764305722487
0.5608000000000001
0.7053978391356643
0.882
0.7545490196078857
0.3724
0.3956492997199013
0.7674521008402961
0.8372
0.6102689075630161
0.48800000000000004
0.6709704681872388
0.8948
0.7553675870348009
0.33640000000000003
0.35938391356548915
0.7299068427371045
0.7996000000000001
0.6525623049219387
0.5732
0.7092721888755558
0.876
0.7543417366946141
0.388
0.41077887154862663
0.7809818327331525
0.8508
0.5935127651060372
0.4544
0.6490775510204625
0.888
0.755585434173664
0.35600000000000004
0.3787108443377922
0.7508336134453817
0.8212
0.6294562625049666
0.5256000000000001
0.6903183673469406
0.8928
0.7559265306121803
0.342
0.364466586634655
0.7356294517807656
0.806
0.6462689075630252
0.5596
0.7042722689075992
0.8824000000000001
0.7554724289715902
0.3708
0.39311932773114333
0.764922128851538
0.8356
0.612477310924333
0.4912
0.6721027611044385
0.8952
0.7565875950379569
0.3356
0.35765714285713784
0.7281800720288586
0.7988000000000001
0.6537691876750731
0.5748
0.7091926370548517
0.8752000000000001
0.7554084033613524
0.39080000000000004
0.41259623849544264
0.7818392957182787
0.8524
0.5917647058823152
0.4496
0.6448403361344445
0.8864000000000001
0.7565312525009527
0.3604
0.38218007202880033
0.7543028411364957
0.8256
0.6246184873949663
0.5148
0.6843212484994323
0.8944000000000001
0.7570509803921732
0.3372
0.3587196478591822
0.7295625450179924
0.8008000000000001
0.6521605442176686
0.5708
0.7075090836334428
0.8772000000000001
0.7561195678270927
0.38520000000000004
0.40649731892755386
0.7767002801120797
0.8480000000000001
0.5976653061224645
0.46040000000000003
0.6517280512205194
0.8896000000000001
0.757119487795141
0.3504
0.37162160864348986
0.7437443777510795
0.8156
0.63667899159662
0.5384
0.6949949579831765
0.89
0.7575390156062076
0.35000000000000003
0.3710173669467553
0.7428201680672557
0.8148000000000001
0.6372800320128198
0.5396000000000001
0.6953422969187883
0.8896000000000001
0.7577469387755402
0.3512
0.37203137254904595
0.7438341736694407
0.8160000000000001
0.6360115246098289
0.5368
0.6940027210884139
0.8904000000000001
0.7579799919967709
0.3488
0.36944537815123096
0.7412481792717314
0.8136
0.6388773109243877
0.5424
0.6962631452581192
0.8888
0.7580613045218456
0.3532
0.37367699079633876
0.7457997599039283
0.8184
0.6337416566626534
0.5316000000000001
0.691359903961558
0.8916000000000001
0.7584436974789708
0.3452
0.3654733893557066
0.7372761904762071
0.81
0.6434732292917373
0.5512
0.699642737094849
0.886
0.7583175670268538
0.3612
0.3813219687875291
0.7537647058823136
0.8268000000000001
0.6248800320127965
0.5128
0.6820172869147325
0.8948
0.7592633853541277
0.33680000000000004
0.3566328931573266
0.727155822328942
0.8
0.6537312525009698
0.5724
0.7069434173669529
0.8764000000000001
0.7577704681872104
0.38720000000000004
0.4068305722288995
0.7770335334134253
0.8500000000000001
0.5972076830732236
0.45640000000000003
0.6474204081633201
0.8884000000000001
0.7590234493797456
0.35400000000000004
0.3735462184874528
0.7456689875950424
0.8192
0.6333182873148908
0.5296000000000001
0.6896998799519832
0.892
0.75955022008797
0.34400000000000003
0.3633267707082852
0.7348096038415906
0.8084
0.6454700280112041
0.5544
0.7002308123249675
0.8848
0.7593258103241304
0.3648
0.38397390956387717
0.7560966786714668
0.8300000000000001
0.621528451380517
0.5048
0.6769571828731467
0.8952
0.7602980392156271
0.3352
0.35410612244897527
0.724629051620696
0.7984
0.6559180472188902
0.5760000000000001
0.7074679471789016
0.8744000000000001
0.7584808323329403
0.3924
0.4110561024410216
0.7802991596638578
0.8540000000000001
0.5927755102040428
0.446
0.6391492597038728
0.8848
0.7597579831932292
0.364
0.38261544617846094
0.7547382152861564
0.8292
0.6226545018007285
0.5064000000000001
0.6773848739496138
0.8952
0.7610661864746053
0.3356
0.35393421368551337
0.7241371748699339
0.7984
0.6559292517006621
0.5756
0.707061224489786
0.8748
0.7591723089235312
0.3916
0.40971764705880703
0.779280672268943
0.8536
0.5938877951180628
0.44720000000000004
0.6396468987595363
0.8856
0.7607054021608858
0.3628
0.3808569827931505
0.7529797519007401
0.8280000000000001
0.6246521008403143
0.5096
0.6785392557022631
0.8948
0.7615287715085666
0.336
0.35379399759901703
0.7243169267707377
0.7992
0.6557202080832449
0.5744
0.706378391356561
0.8756
0.7599809523809787
0.39
0.40756302521011095
0.7771260504201419
0.8520000000000001
0.5963476590636032
0.45120000000000005
0.6418948379351482
0.8868
0.7612969987994919
0.3588
0.37629851940773423
0.7484212885154296
0.8240000000000001
0.629193757503021
0.5184
0.6826780312125029
0.894
0.7621589435774684
0.33840000000000003
0.3556528211284723
0.7264957182872825
0.802
0.6529291716686576
0.5680000000000001
0.7038117647058598
0.8788
0.7609211684673672
0.38120000000000004
0.39826730692273427
0.7691102040816499
0.8448
0.6054178471388849
0.46880000000000005
0.653558383353356
0.892
0.762590156062469
0.3448
0.3617109243697627
0.7331937575029626
0.8092
0.6460643457382879
0.5528000000000001
0.6977843937574746
0.8852000000000001
0.7619587034813788
0.3632
0.3799539015606889
0.7520766706682784
0.8284
0.6249266106442142
0.5084000000000001
0.6769575030012087
0.8952
0.7633997599038869
0.336
0.35248227290917233
0.7226852340936982
0.7988000000000001
0.6564582633053185
0.5748
0.7055863945578618
0.8752000000000001
0.7611294117646995
0.3904
0.4066689075630833
0.7762319327731142
0.8524
0.5966002400959889
0.4496
0.6395966386554658
0.8864000000000001
0.7628457783112612
0.3604
0.37659543817527263
0.7487182072829679
0.8256
0.6286034413765498
0.5152
0.6799903961585071
0.8944000000000001
0.7638338535414165
0.3376
0.35354045618252516
0.7240633853541405
0.8008000000000001
0.6546679471788462
0.5704
0.7036044817927156
0.8772000000000001
0.7619322929171142
0.38480000000000003
0.4005551020408128
0.7710780312125336
0.8480000000000001
0.6030789915966427
0.4616
0.6474285714286151
0.89
0.7638055222088906
0.35000000000000003
0.3656235294118109
0.7374263305322057
0.8148000000000001
0.6407270108042952
0.54
0.6915073229291653
0.8896000000000001
0.7639948779511299
0.3512
0.3666508203281215
0.7387735894358168
0.8164
0.6391450980392223
0.5364
0.6896725090036329
0.8904000000000001
0.7642650660264249
0.3488
0.36405154061628653
0.7358543417366812
0.8136
0.6422775510203855
0.5428000000000001
0.6924702681072321
0.8888
0.7644627450979959
0.35400000000000004
0.3690655462184716
0.740868347338972
0.8188000000000001
0.6364582633053327
0.5304
0.6866737094838209
0.892
0.7649059623849755
0.34440000000000004
0.3592667466987134
0.7307495798319132
0.8088000000000001
0.6470456982792938
0.5528000000000001
0.696321248499385
0.8852000000000001
0.7642564225689924
0.3632
0.37791884753899363
0.7503615846338839
0.8288000000000001
0.626230012004818
0.508
0.6750274509804164
0.8952
0.7657687074830226
0.3356
0.35005762304924737
0.7205805522208628
0.7988000000000001
0.6574442577030685
0.5748
0.7042641056422395
0.8752000000000001
0.7633557422968924
0.39080000000000004
0.4050352941176191
0.774598319327755
0.8528
0.5982687474990251
0.44920000000000004
0.6372739495798534
0.886
0.7649454981993142
0.3608
0.3749477390956599
0.7470705082032496
0.8260000000000001
0.6291092436974653
0.5136000000000001
0.6774095238094968
0.8944000000000001
0.7661927170868118
0.3372
0.35110156062421555
0.7216244897959363
0.8004
0.6562898759503977
0.5716
0.7027663865546329
0.8768
0.7641591036414953
0.3864
0.40010436174471337
0.770307322929134
0.8492000000000001
0.6029584633853422
0.458
0.6431450980391793
0.8892
0.7661162064825779
0.3524
0.36598927571034945
0.738112044817939
0.8176
0.6389493397358552
0.5336000000000001
0.6870002400960467
0.8912
0.7664998799519072
0.34640000000000004
0.3597915966386649
0.7315943977591652
0.8112
0.6457389355742251
0.548
0.693200000000044
0.8868
0.7660651460584156
0.3584
0.3716169667867739
0.7437397358943634
0.8236
0.632862905162027
0.52
0.6801360544217723
0.894
0.7674549819927294
0.3392
0.3521859943977624
0.723028891556678
0.8028000000000001
0.6543759903961575
0.5664
0.700206802721125
0.8792000000000001
0.7653544617847131
0.37920000000000004
0.3920115246098969
0.763174389755902
0.8432000000000001
0.6107921568627038
0.4728
0.6522957983193263
0.8928
0.7676990796317928
0.34240000000000004
0.35502585034013323
0.7261887154862438
0.8064
0.6508913965586256
0.5584
0.6970801120448515
0.8832000000000001
0.7665781512605102
0.36920000000000003
0.3816723489396228
0.7537951180472123
0.8344
0.6215894357742764
0.4948
0.6655988795518141
0.8952
0.768365266106389
0.3352
0.3474333733493308
0.7179563025210515
0.7984
0.6591218887555071
0.5760000000000001
0.7031692677071099
0.8744000000000001
0.7654244097639175
0.3924
0.4044064025610649
0.773649459783901
0.8540000000000001
0.5986530612244552
0.446
0.6328280112044686
0.8848
0.7672605042016377
0.364
0.3759138855542065
0.748036654661902
0.8292
0.6273046818727606
0.5064000000000001
0.6717839135654562
0.8952
0.7691276510604453
0.3356
0.3472672268907908
0.7174701880752113
0.7984
0.6591388555422009
0.5756
0.7027510204081504
0.8748
0.7661331732692743
0.3916
0.4030621848739284
0.7726252100840645
0.8536
0.5997422969187872
0.44720000000000004
0.6333314125650541
0.8856
0.7682367346939043
0.3628
0.3741554221688961
0.7462781912764858
0.8280000000000001
0.6292388955582047
0.5096
0.6729901560624033
0.8948
0.7695787114845626
0.336
0.3471212484993725
0.7176441776710931
0.7992
0.6589586234493936
0.5744
0.7020393757503154
0.8756
0.7669763905562537
0.39
0.40090756302523234
0.7704705882352634
0.8520000000000001
0.60212148859542
0.45120000000000005
0.6356196878751198
0.8868
0.768903241296496
0.3588
0.36959695878347987
0.7417197278911752
0.8240000000000001
0.6335961584634082
0.5184
0.6772672268907705
0.894
0.7701627851140886
0.33840000000000003
0.3489743097239058
0.719817206882716
0.802
0.6560510604241621
0.5676
0.6991034813925313
0.8788
0.7680004801920621
0.3808
0.3911977591037074
0.7623606242497124
0.8448
0.6110833133252778
0.4692
0.6476929971988898
0.892
0.7703841536613897
0.34440000000000004
0.35462088835535227
0.7261037214886579
0.8088000000000001
0.6498554621848691
0.5532
0.6932272108843974
0.8852000000000001
0.7695671868747413
0.36360000000000003
0.3736523409364345
0.7457751100440242
0.8288000000000001
0.6291907162864742
0.5076
0.6709224489795962
0.8952
0.7713669467786424
0.3356
0.34542376950780707
0.7159466986795279
0.7988000000000001
0.6599335734293705
0.5752
0.7014905162065181
0.8752000000000001
0.7682900360144043
0.3912
0.4008051220488729
0.770048179271709
0.8528
0.6020581032412509
0.44880000000000003
0.6326724289715878
0.886
0.7702877951179893
0.3612
0.3706938775510183
0.7428166466587136
0.8264
0.6318901960784337
0.5128
0.6733042016807125
0.8948
0.7719908763505458
0.33680000000000004
0.34606770708288065
0.716590636254496
0.8
0.6589226090435948
0.5724
0.7000094437775064
0.8764000000000001
0.7689286914765432
0.38720000000000004
0.39626666666665844
0.7661496598639893
0.8496
0.6062809123649541
0.45680000000000004
0.6379668667467384
0.8888
0.7714372148859667
0.3536
0.36253541416570784
0.7346581832732975
0.8188000000000001
0.6402666666666417
0.5304
0.6818986794717785
0.892
0.772137174869902
0.34440000000000004
0.35313421368545983
0.7246170468187654
0.8088000000000001
0.6504262505002087
0.5528000000000001
0.6919318127251163
0.8852000000000001
0.7711495798319519
0.3632
0.37176310524213224
0.7438858743497219
0.8284
0.6305608643457148
0.5084000000000001
0.6701470988395197
0.8952
0.7731583833533018
0.3356
0.3439409363745293
0.7144638655462501
0.7988000000000001
0.660402240896369
0.5748
0.7002972388955779
0.8752000000000001
0.769752380952405
0.39080000000000004
0.3989344537815417
0.7684974789915726
0.8528
0.6035983993597196
0.44920000000000004
0.6315058823529173
0.886
0.7718809123649157
0.3608
0.368804641856716
0.7409274109644114
0.8260000000000001
0.6337282112845326
0.5144000000000001
0.6728473789516006
0.8944000000000001
0.773550700280147
0.3372
0.34498487394960287
0.7155078031212183
0.8004
0.6590645858343229
0.5712
0.698502761104421
0.8768
0.7704617847138637
0.3856
0.3931995198078905
0.7637224489796112
0.8488
0.6087103641456868
0.4592
0.6383180472189044
0.8896000000000001
0.7733454981993206
0.3516
0.3590461784714056
0.7311689475789951
0.8168000000000001
0.6436240096038321
0.5356000000000001
0.6832801920768019
0.8908
0.7737254901960615
0.34800000000000003
0.3552537815126718
0.7270565826330666
0.8128000000000001
0.6476142456982414
0.5444
0.6872859543817617
0.8884000000000001
0.773523329331659
0.3548
0.36187386954782996
0.7339966386555253
0.8200000000000001
0.640406562625044
0.528
0.6792136054422254
0.8924000000000001
0.7743846338535316
0.3432
0.35006994797925217
0.7212328131252572
0.8072
0.6532926770707964
0.5568000000000001
0.6922801120448221
0.8836
0.7729253301319883
0.36760000000000004
0.37429579831933246
0.7460985994398328
0.8324
0.6274876350540192
0.4988
0.6629752701080908
0.8952
0.7753120448179245
0.3352
0.34168179271714105
0.7118847539015617
0.798
0.6622173669467534
0.5768
0.6997711084433772
0.874
0.7712600240095501
0.3932
0.3994802721088421
0.7687233293317831
0.8548
0.6027966386554646
0.444
0.6258807523009673
0.884
0.7735182072829175
0.366
0.37214309723894395
0.7442658663465336
0.8312
0.6293855142056489
0.502
0.6643779111644604
0.8952
0.7759843137254349
0.3352
0.3411262104841861
0.711329171668712
0.798
0.662237855142061
0.5764
0.6991793517407241
0.874
0.7718372148859648
0.3932
0.3989211684674288
0.7678442577030702
0.8544
0.6033795918366986
0.4444
0.6257525410163948
0.8844000000000001
0.7743703881552177
0.36560000000000004
0.37118463385352773
0.7433074029612231
0.8308000000000001
0.6298701880752408
0.5024000000000001
0.6641411764706198
0.8952
0.7766565826330727
0.3352
0.34057062825133644
0.710773589435757
0.798
0.6625038815526045
0.5764
0.6989866346538497
0.8744000000000001
0.772729891956748
0.3932
0.39836750700278145
0.7672905962385276
0.8544
0.6041162064826116
0.44480000000000003
0.6254599439776205
0.8844000000000001
0.7749931972789366
0.36560000000000004
0.3706261704682173
0.7427489395758069
0.8308000000000001
0.6307529411764503
0.5032
0.6641411764705674
0.8952
0.7773288515405831
0.3352
0.3400150460183815
0.7102180072029074
0.798
0.6627699079631982
0.5764
0.6986288915566388
0.8744000000000001
0.7732235294117942
0.39280000000000004
0.39741784713887923
0.7666609043617153
0.8544
0.6046079231692478
0.44480000000000003
0.6249322128851249
0.8844000000000001
0.7755321328531175
0.3652
0.36966770708280106
0.7417904761904963
0.8304
0.6312337735094272
0.5036
0.6639068427371108
0.8952
0.7780011204482209
0.3352
0.3394631452581209
0.7099860744297363
0.7984
0.6631923169267628
0.5764
0.6982711484593601
0.8744000000000001
0.7738016806722532
0.39280000000000004
0.39686370548215494
0.7661067627050959
0.8544
0.6053430972388373
0.44520000000000004
0.6246410564225812
0.8844000000000001
0.776072028811452
0.3648
0.3687092436974906
0.740832012805186
0.8300000000000001
0.63195598239295
0.5044000000000001
0.6639102040816853
0.8952
0.7786733893557314
0.3352
0.3389070828331944
0.7094300120048098
0.7984
0.6632156862744811
0.5760000000000001
0.6976765106042461
0.8744000000000001
0.7742967587034204
0.3924
0.3959095638255356
0.7651526210484767
0.8540000000000001
0.6059202881152425
0.4456
0.6245138055222622
0.8848
0.7769299719887922
0.3644
0.3677507803121801
0.7398735494197697
0.8296
0.6329181272508628
0.5056
0.6641527010804327
0.8952
0.7793456582632418
0.3352
0.33835102040816256
0.7088739495798833
0.7984
0.6634826730692287
0.5760000000000001
0.6973182873149584
0.8744000000000001
0.7747927971188509
0.392
0.39495542216891627
0.7641984793917523
0.8536
0.6067380552220469
0.4464
0.624624089635849
0.8852000000000001
0.7777074029611323
0.36360000000000003
0.3663923169267639
0.7385150860344593
0.8288000000000001
0.6342034413765563
0.5076
0.664873469387792
0.8952
0.7801002000800432
0.3356
0.33819495798323607
0.7087178871548515
0.7988000000000001
0.6634231292516807
0.5752
0.6966464985994323
0.8748
0.7755255702280491
0.3912
0.39360128051219195
0.762844337735133
0.8528
0.6083630252100964
0.44880000000000003
0.6258493797519366
0.886
0.7784779511804897
0.3612
0.3634338535414534
0.735556622649043
0.8264
0.6367843137254663
0.5128
0.6673426170468041
0.8948
0.7806991596638243
0.33680000000000004
0.3388388955582043
0.7093618247299249
0.8
0.6624745898359443
0.5724
0.6952651460584442
0.8764000000000001
0.7765632653061452
0.38720000000000004
0.3890519407763411
0.7592549019607617
0.8500000000000001
0.6123279711884505
0.45640000000000003
0.6308249699879729
0.8884000000000001
0.779552621048387
0.35400000000000004
0.3556753901560372
0.7277981592637326
0.8192
0.6446847539015771
0.53
0.6760168067227091
0.892
0.7806831532613372
0.34440000000000004
0.3458866746698925
0.7173695078030924
0.8088000000000001
0.6549038815526083
0.5536
0.6870607442976976
0.8848
0.7791394957982947
0.364
0.3653030812324616
0.737425850340157
0.8292
0.6349085234093864
0.5068
0.6631547018807687
0.8952
0.7818916366547026
0.3356
0.3367121248499583
0.7072350540215737
0.7988000000000001
0.6641389355742215
0.5752
0.6956873949579598
0.8748
0.7771545418167102
0.3916
0.39252356942773386
0.761766626650675
0.8532000000000001
0.6090933973588852
0.4476
0.6235711884754029
0.8856
0.7800806722688336
0.3624
0.36314461784715113
0.7352673869548465
0.8276
0.6370636254501726
0.5108
0.6649224489796441
0.8948
0.7824049619847822
0.33640000000000003
0.33695606242503184
0.7074789915966473
0.7996000000000001
0.663764865946349
0.5736
0.6946900360144106
0.8756
0.7778917967186252
0.38920000000000005
0.3895697478991658
0.7591327731093018
0.8512000000000001
0.6119049219687833
0.45280000000000004
0.6268033613445912
0.8872
0.7809454981992755
0.3572
0.35738631452586633
0.7298290516206508
0.8228000000000001
0.6422477791116094
0.522
0.6706994797919178
0.8936000000000001
0.7828356942776474
0.34
