6.069527893797780349e-01
7.083944458776322284e-01
7.018364811922264135e-01
6.154613485135352891e-01
6.282670050855623245e-01
6.566367805758905885e-01
6.162252814670812207e-01
6.648771085247273671e-01
6.254631393685791130e-01
6.447313107046795944e-01
6.666566663927060432e-01
6.408951370867294051e-01
6.687037237072731566e-01
6.604290037081398390e-01
6.728143295804908108e-01
6.524162997199013381e-01
6.688327248806569258e-01
6.615902821432211312e-01
6.332318307957699455e-01
6.936518412960324120e-01
6.721593039825995985e-01
6.547138678466961625e-01
6.557908947723692927e-01
6.589394734868371240e-01
6.645226130653266727e-01
6.578204455111378302e-01
