3.0
3.0033444816053514
3.0066889632107023
3.0100334448160537
3.0133779264214047
3.016722408026756
3.020066889632107
3.0234113712374584
3.0267558528428093
3.0301003344481607
3.0334448160535117
3.036789297658863
3.040133779264214
3.0434782608695654
3.0468227424749164
3.0501672240802677
3.0535117056856187
3.05685618729097
3.060200668896321
3.0635451505016724
3.0668896321070234
3.0702341137123748
3.0735785953177257
3.076923076923077
3.080267558528428
3.0836120401337794
3.0869565217391304
3.0903010033444818
3.0936454849498327
3.096989966555184
3.100334448160535
3.1036789297658864
3.1070234113712374
3.1103678929765888
3.1137123745819397
3.117056856187291
3.120401337792642
3.1237458193979935
3.1270903010033444
3.130434782608696
3.1337792642140467
3.137123745819398
3.140468227424749
3.1438127090301005
3.1471571906354514
3.150501672240803
3.1538461538461537
3.157190635451505
3.160535117056856
3.1638795986622075
3.1672240802675584
3.17056856187291
3.1739130434782608
3.177257525083612
3.180602006688963
3.1839464882943145
3.1872909698996654
3.190635451505017
3.1939799331103678
3.197324414715719
3.20066889632107
3.2040133779264215
3.2073578595317724
3.210702341137124
3.2140468227424748
3.217391304347826
3.220735785953177
3.2240802675585285
3.2274247491638794
3.230769230769231
3.234113712374582
3.237458193979933
3.240802675585284
3.2441471571906355
3.2474916387959865
3.250836120401338
3.254180602006689
3.25752508361204
3.260869565217391
3.2642140468227425
3.2675585284280935
3.270903010033445
3.274247491638796
3.277591973244147
3.280936454849498
3.2842809364548495
3.2876254180602005
3.290969899665552
3.294314381270903
3.297658862876254
3.3010033444816056
3.3043478260869565
3.3076923076923075
3.311036789297659
3.3143812709030103
3.317725752508361
3.321070234113712
3.3244147157190636
3.327759197324415
3.331103678929766
3.334448160535117
3.3377926421404682
3.3411371237458196
3.3444816053511706
3.3478260869565215
3.351170568561873
3.3545150501672243
3.3578595317725752
3.361204013377926
3.3645484949832776
3.367892976588629
3.37123745819398
3.374581939799331
3.3779264214046822
3.3812709030100336
3.3846153846153846
3.387959866220736
3.391304347826087
3.3946488294314383
3.3979933110367893
3.4013377926421406
3.4046822742474916
3.408026755852843
3.411371237458194
3.4147157190635453
3.4180602006688963
3.4214046822742477
3.4247491638795986
3.42809364548495
3.431438127090301
3.4347826086956523
3.4381270903010033
3.4414715719063547
3.4448160535117056
3.448160535117057
3.451505016722408
3.4548494983277593
3.4581939799331103
3.4615384615384617
3.4648829431438126
3.468227424749164
3.471571906354515
3.4749163879598663
3.4782608695652173
3.4816053511705687
3.4849498327759196
3.488294314381271
3.491638795986622
3.4949832775919734
3.4983277591973243
3.5016722408026757
3.5050167224080266
3.508361204013378
3.511705685618729
3.5150501672240804
3.5183946488294313
3.5217391304347827
3.5250836120401337
3.528428093645485
3.531772575250836
3.5351170568561874
3.5384615384615383
3.5418060200668897
3.5451505016722407
3.548494983277592
3.551839464882943
3.5551839464882944
3.5585284280936453
3.5618729096989967
3.5652173913043477
3.568561872909699
3.57190635451505
3.5752508361204014
3.5785953177257523
3.5819397993311037
3.5852842809364547
3.588628762541806
3.591973244147157
3.5953177257525084
3.5986622073578594
3.6020066889632107
3.6053511705685617
3.608695652173913
3.6120401337792645
3.6153846153846154
3.6187290969899664
3.6220735785953178
3.625418060200669
3.62876254180602
3.632107023411371
3.6354515050167224
3.638795986622074
3.6421404682274248
3.6454849498327757
3.648829431438127
3.6521739130434785
3.6555183946488294
3.6588628762541804
3.6622073578595318
3.665551839464883
3.668896321070234
3.672240802675585
3.6755852842809364
3.678929765886288
3.682274247491639
3.6856187290969897
3.688963210702341
3.6923076923076925
3.6956521739130435
3.6989966555183944
3.702341137123746
3.705685618729097
3.709030100334448
3.712374581939799
3.7157190635451505
3.719063545150502
3.722408026755853
3.7257525083612038
3.729096989966555
3.7324414715719065
3.7357859531772575
3.7391304347826084
3.74247491638796
3.745819397993311
3.749163879598662
3.752508361204013
3.7558528428093645
3.759197324414716
3.762541806020067
3.7658862876254178
3.769230769230769
3.7725752508361206
3.7759197324414715
3.779264214046823
3.782608695652174
3.7859531772575252
3.789297658862876
3.7926421404682276
3.7959866220735785
3.79933110367893
3.802675585284281
3.8060200668896322
3.809364548494983
3.8127090301003346
3.8160535117056855
3.819397993311037
3.822742474916388
3.8260869565217392
3.82943143812709
3.8327759197324416
3.8361204013377925
3.839464882943144
3.842809364548495
3.8461538461538463
3.849498327759197
3.8528428093645486
3.8561872909698995
3.859531772575251
3.862876254180602
3.8662207357859533
3.869565217391304
3.8729096989966556
3.8762541806020065
3.879598662207358
3.882943143812709
3.8862876254180603
3.8896321070234112
3.8929765886287626
3.8963210702341136
3.899665551839465
3.903010033444816
3.9063545150501673
3.9096989966555182
3.9130434782608696
3.9163879598662206
3.919732441471572
3.923076923076923
3.9264214046822743
3.9297658862876252
3.9331103678929766
3.9364548494983276
3.939799331103679
3.94314381270903
3.9464882943143813
3.9498327759197327
3.9531772575250836
3.9565217391304346
3.959866220735786
3.9632107023411374
3.9665551839464883
3.9698996655518393
3.9732441471571907
3.976588628762542
3.979933110367893
3.983277591973244
3.9866220735785953
3.9899665551839467
3.9933110367892977
3.9966555183946486
4.0
