74
70
67
55
74
69
66
62
79
70
67
63
75
72
67
60
74
74
67
59
75
72
67
60
74
69
66
62
77
74
70
58
77
74
70
58
77
74
70
58
77
74
70
58
75
72
67
60
74
69
66
62
74
71
67
55
79
70
67
77
76
74
74
76
69
65
67
64
77
65
62
76
72
67
64
74
70
72
69
69
65
74
70
65
62
76
72
67
60
77
74
70
58
77
72
69
65
70
70
72
69
67
69
74
74
70
58
70
67
62
55
69
65
62
62
70
67
62
55
70
67
62
55
69
69
62
54
70
67
62
55
69
64
61
57
72
69
65
53
72
69
65
53
72
69
65
53
69
72
65
53
70
62
55
67
69
65
61
57
64
69
66
62
50
74
67
62
55
71
74
72
72
64
52
69
69
60
53
66
62
50
62
70
67
69
69
74
66
62
67
70
63
72
69
67
66
62
70
67
69
74
65
67
59
69
72
64
60
57
62
62
54
67
70
55
69
69
61
57
65
57
62
64
57
61
66
69
57
62
50
74
66
69
62
74
67
70
55
77
69
72
53
77
70
74
58
75
67
72
60
74
66
69
62
74
66
69
62
69
65
72
67
63
77
70
65
62
69
75
70
67
67
74
70
72
72
67
63
74
62
70
66
64
69
66
71
74
67
55
72
69
65
60
53
74
69
69
65
50
76
73
69
64
57
76
73
69
64
57
76
73
69
64
57
77
74
69
62
50
76
73
69
64
57
74
74
69
65
50
76
67
72
64
48
77
69
72
60
53
81
69
72
65
53
79
74
70
62
55
76
73
69
69
57
67
65
64
77
74
69
62
50
77
74
69
62
77
74
69
62
77
74
69
62
77
74
69
62
74
70
70
67
77
72
69
65
77
74
70
62
79
70
67
63
77
74
70
62
77
72
69
65
77
74
70
58
70
67
74
69
62
69
65
69
72
67
63
70
66
62
67
63
67
70
62
69
66
77
74
69
62
76
72
69
57
74
70
65
58
72
69
53
70
62
55
67
64
69
61
57
65
62
64
61
62
59
64
61
69
65
62
62
74
70
62
55
67
77
74
65
62
50
75
70
67
55
51
74
70
65
62
46
67
72
67
67
63
48
74
62
50
70
66
64
69
66
71
74
67
62
55
74
74
70
62
77
74
69
62
77
74
69
62
77
74
69
62
74
70
70
67
77
72
69
65
77
74
70
62
79
70
67
63
77
74
70
62
77
72
69
65
74
70
58
74
67
58
55
74
62
65
57
50
65
57
53
72
57
72
67
60
55
51
74
65
58
58
50
58
55
51
67
55
74
62
58
50
74
74
57
54
77
69
62
76
72
69
57
74
70
65
58
72
69
53
70
62
55
67
64
69
61
57
65
62
64
61
62
59
64
61
69
65
62
62
74
70
62
55
67
74
69
65
62
50
70
67
63
55
51
65
62
58
46
69
67
64
60
55
48
66
69
62
50
67
67
58
69
57
66
70
67
55
62
55
