46 
38 
31 
58 
62 
70 
67 
43 
55 
50 
58 
62 
67 
50 
55 
43 
58 
70 
62 
67 
55 
50 
70 
58 
62 
50 
55 
58 
62 
70 
67 
55 
50 
43 
58 
62 
70 
67 
55 
50 
43 
58 
62 
67 
55 
50 
62 
58 
67 
55 
43 
50 
58 
70 
62 
67 
70 
55 
58 
46 
62 
70 
55 
43 
58 
46 
62 
67 
70 
55 
58 
43 
67 
62 
50 
56 
38 
41 
62 
65 
70 
55 
43 
58 
62 
67 
46 
43 
55 
62 
67 
43 
55 
46 
62 
43 
55 
46 
62 
67 
70 
58 
55 
46 
67 
62 
55 
58 
50 
46 
67 
62 
55 
58 
43 
46 
67 
62 
38 
50 
73 
41 
65 
68 
44 
70 
58 
55 
43 
50 
67 
46 
62 
43 
55 
46 
62 
67 
50 
55 
43 
46 
67 
50 
55 
46 
58 
55 
73 
70 
46 
58 
50 
68 
56 
38 
41 
44 
70 
58 
43 
55 
50 
46 
70 
58 
50 
56 
38 
41 
70 
58 
43 
55 
73 
61 
50 
70 
46 
58 
47 
68 
50 
57 
49 
45 
66 
54 
56 
57 
49 
65 
53 
50 
41 
45 
57 
62 
50 
41 
45 
57 
62 
50 
41 
57 
62 
45 
50 
38 
41 
62 
45 
57 
50 
38 
41 
62 
45 
50 
77 
62 
65 
69 
57 
62 
50 
77 
65 
53 
69 
57 
77 
62 
65 
50 
74 
57 
53 
75 
57 
45 
48 
51 
72 
69 
77 
65 
50 
69 
57 
53 
62 
50 
53 
74 
69 
62 
50 
74 
53 
57 
62 
50 
57 
53 
74 
69 
77 
62 
65 
50 
53 
74 
69 
62 
50 
65 
74 
69 
53 
57 
77 
65 
62 
50 
53 
74 
69 
80 
68 
57 
45 
48 
51 
75 
72 
50 
65 
62 
53 
57 
69 
74 
62 
50 
53 
57 
74 
62 
50 
53 
74 
69 
57 
50 
77 
53 
65 
62 
50 
80 
68 
53 
77 
65 
45 
75 
57 
48 
51 
65 
77 
50 
62 
80 
68 
57 
53 
77 
65 
75 
57 
45 
48 
51 
65 
77 
68 
50 
62 
53 
57 
77 
65 
64 
52 
75 
63 
55 
73 
61 
52 
72 
60 
64 
55 
70 
58 
68 
56 
64 
58 
52 
55 
73 
61 
70 
64 
58 
52 
55 
68 
56 
70 
64 
58 
52 
55 
73 
61 
70 
64 
58 
55 
68 
56 
70 
58 
64 
52 
55 
73 
61 
70 
52 
64 
58 
55 
56 
68 
57 
49 
66 
54 
49 
45 
58 
46 
55 
50 
43 
38 
54 
66 
56 
68 
66 
57 
49 
54 
66 
49 
46 
58 
48 
60 
61 
58 
43 
31 
38 
68 
57 
49 
54 
66 
49 
45 
58 
46 
50 
31 
43 
38 
66 
54 
56 
68 
57 
49 
66 
49 
45 
61 
49 
60 
48 
58 
46 
55 
50 
31 
43 
38 
80 
68 
69 
61 
57 
66 
49 
57 
45 
70 
58 
62 
67 
43 
31 
38 
66 
78 
73 
68 
69 
57 
61 
66 
78 
57 
49 
45 
70 
58 
72 
73 
61 
31 
43 
38 
70 
67 
80 
68 
73 
69 
61 
57 
78 
66 
57 
49 
45 
58 
58 
62 
67 
31 
43 
38 
78 
66 
80 
68 
69 
57 
61 
66 
57 
49 
45 
73 
61 
72 
60 
70 
58 
67 
62 
55 
50 
43 
38 
58 
46 
50 
55 
48 
43 
31 
38 
46 
55 
43 
38 
58 
46 
50 
55 
43 
38 
46 
58 
50 
55 
43 
31 
38 
58 
46 
55 
43 
31 
38 
58 
46 
55 
43 
31 
38 
46 
58 
55 
43 
31 
38 
58 
50 
46 
55 
43 
31 
38 
58 
50 
46 
55 
43 
31 
38 
50 
46 
55 
31 
43 
38 
58 
50 
46 
31 
43 
38 
58 
50 
46 
55 
31 
43 
38 
50 
58 
55 
46 
31 
43 
38 
50 
58 
55 
46 
31 
38 
50 
58 
55 
46 
31 
43 
38 
50 
55 
58 
46 
78 
70 
85 
62 
82 
66 
70 
62 
84 
68 
62 
78 
70 
66 
62 
66 
70 
78 
62 
68 
66 
62 
78 
73 
70 
66 
62 
84 
72 
70 
82 
66 
62 
81 
69 
62 
55 
58 
55 
58 
79 
67 
43 
38 
31 
50 
58 
46 
55 
43 
38 
31 
50 
58 
46 
55 
43 
38 
31 
58 
46 
55 
43 
38 
31 
58 
50 
46 
55 
43 
38 
50 
46 
55 
43 
38 
50 
58 
46 
55 
43 
31 
38 
58 
50 
46 
55 
43 
38 
31 
50 
46 
58 
55 
43 
38 
50 
46 
58 
55 
31 
43 
38 
58 
50 
55 
70 
66 
62 
75 
66 
62 
73 
66 
62 
84 
72 
62 
66 
82 
62 
81 
62 
55 
58 
77 
70 
62 
87 
75 
85 
73 
62 
66 
84 
72 
62 
73 
62 
70 
72 
62 
69 
67 
79 
62 
58 
43 
38 
31 
58 
46 
55 
43 
38 
31 
50 
46 
55 
43 
38 
31 
58 
50 
46 
55 
43 
38 
31 
58 
46 
55 
43 
38 
31 
58 
50 
46 
55 
43 
38 
31 
46 
50 
55 
43 
38 
31 
46 
50 
58 
55 
43 
38 
31 
50 
58 
55 
46 
43 
38 
50 
46 
43 
38 
31 
50 
58 
55 
46 
92 
80 
68 
61 
65 
91 
79 
61 
77 
68 
65 
87 
88 
76 
61 
68 
65 
61 
68 
86 
65 
74 
61 
68 
88 
76 
61 
65 
68 
61 
68 
65 
84 
72 
82 
70 
58 
67 
72 
68 
65 
86 
91 
79 
68 
77 
65 
61 
68 
88 
61 
68 
65 
74 
61 
65 
68 
88 
76 
68 
65 
86 
74 
61 
61 
65 
68 
84 
72 
82 
70 
79 
74 
62 
55 
82 
67 
70 
62 
55 
43 
38 
31 
33 
58 
46 
43 
38 
31 
58 
46 
55 
50 
43 
31 
38 
46 
58 
50 
55 
43 
31 
38 
46 
50 
55 
43 
31 
38 
46 
50 
58 
55 
31 
43 
38 
46 
50 
55 
58 
77 
70 
66 
88 
76 
66 
74 
86 
61 
61 
84 
72 
66 
61 
70 
61 
66 
84 
72 
58 
63 
74 
86 
67 
61 
70 
89 
77 
88 
76 
66 
61 
86 
74 
66 
84 
72 
61 
66 
61 
82 
70 
61 
66 
62 
55 
58 
67 
74 
43 
38 
31 
58 
50 
46 
55 
38 
31 
50 
46 
55 
43 
31 
38 
58 
50 
46 
43 
38 
31 
46 
58 
55 
50 
43 
38 
31 
58 
50 
46 
43 
38 
58 
46 
55 
43 
38 
58 
50 
46 
31 
43 
38 
58 
46 
50 
43 
31 
38 
58 
50 
46 
43 
38 
58 
50 
55 
46 
43 
38 
31 
55 
50 
46 
43 
38 
55 
58 
50 
46 
43 
38 
31 
50 
58 
46 
43 
38 
31 
50 
46 
55 
58 
43 
38 
50 
58 
46 
43 
31 
38 
58 
50 
55 
46 
43 
38 
31 
50 
58 
55 
46 
43 
38 
31 
50 
58 
46 
43 
38 
31 
50 
58 
55 
46 
38 
31 
50 
58 
55 
46 
43 
38 
31 
50 
55 
46 
38 
43 
31 
50 
55 
58 
46 
38 
31 
50 
55 
58 
46 
38 
43 
31 
50 
55 
46 
58 
38 
43 
31 
58 
42 
54 
49 
58 
42 
49 
58 
42 
54 
49 
34 
35 
37 
56 
38 
47 
52 
42 
58 
54 
49 
42 
54 
49 
42 
49 
54 
42 
54 
49 
58 
42 
54 
49 
42 
58 
54 
49 
58 
42 
54 
49 
34 
35 
37 
38 
61 
57 
53 
42 
58 
54 
49 
42 
54 
49 
42 
49 
54 
42 
58 
49 
54 
42 
61 
58 
54 
49 
56 
40 
58 
52 
47 
42 
61 
58 
54 
49 
40 
56 
58 
52 
47 
42 
61 
58 
54 
49 
40 
56 
52 
58 
47 
60 
38 
62 
50 
45 
63 
36 
44 
43 
61 
55 
56 
43 
44 
63 
36 
56 
51 
55 
43 
36 
55 
51 
56 
43 
44 
36 
55 
56 
51 
44 
36 
43 
56 
55 
47 
63 
59 
54 
47 
63 
59 
54 
47 
59 
54 
39 
40 
42 
43 
61 
52 
57 
47 
63 
59 
54 
47 
59 
54 
47 
63 
59 
54 
47 
59 
54 
47 
63 
59 
54 
47 
63 
54 
63 
47 
59 
54 
39 
41 
42 
43 
66 
62 
58 
47 
63 
59 
54 
47 
59 
54 
35 
63 
37 
59 
38 
61 
57 
53 
65 
37 
39 
61 
56 
63 
41 
55 
59 
39 
66 
63 
58 
42 
65 
61 
57 
68 
41 
65 
43 
60 
67 
44 
63 
59 
70 
42 
66 
44 
60 
46 
69 
65 
70 
72 
46 
57 
69 
61 
65 
57 
53 
46 
69 
61 
65 
57 
53 
46 
69 
61 
65 
57 
53 
46 
69 
61 
65 
57 
53 
69 
61 
65 
46 
56 
68 
61 
65 
56 
46 
53 
61 
68 
65 
67 
85 
62 
79 
55 
84 
72 
82 
55 
50 
43 
72 
65 
67 
53 
42 
49 
68 
65 
53 
42 
49 
65 
57 
53 
49 
65 
52 
49 
42 
57 
64 
52 
42 
49 
57 
67 
62 
55 
85 
73 
84 
72 
70 
55 
50 
43 
62 
64 
50 
46 
65 
39 
55 
62 
50 
39 
46 
55 
50 
39 
46 
62 
55 
49 
46 
39 
55 
61 
39 
49 
46 
55 
61 
67 
85 
73 
62 
55 
84 
72 
82 
70 
43 
55 
84 
72 
85 
67 
73 
79 
62 
55 
84 
72 
70 
82 
79 
50 
67 
62 
85 
73 
55 
72 
84 
70 
43 
55 
87 
75 
67 
85 
62 
55 
84 
72 
82 
70 
79 
50 
38 
47 
59 
49 
61 
62 
50 
47 
43 
36 
59 
52 
55 
47 
43 
36 
59 
52 
55 
47 
43 
36 
52 
55 
47 
43 
36 
52 
59 
55 
47 
43 
36 
52 
59 
55 
47 
43 
36 
52 
55 
47 
43 
36 
59 
52 
55 
47 
43 
36 
59 
52 
55 
47 
43 
36 
59 
55 
52 
47 
43 
36 
52 
55 
47 
43 
36 
59 
52 
55 
47 
43 
36 
55 
59 
52 
48 
51 
54 
58 
85 
73 
61 
82 
70 
58 
42 
54 
51 
39 
56 
44 
45 
57 
70 
73 
70 
42 
39 
54 
51 
56 
44 
57 
45 
58 
61 
58 
57 
51 
54 
58 
39 
59 
58 
57 
54 
51 
58 
39 
61 
51 
58 
57 
54 
51 
58 
39 
51 
59 
58 
57 
54 
51 
58 
39 
51 
64 
58 
56 
57 
45 
49 
45 
33 
54 
70 
66 
63 
56 
57 
45 
33 
45 
54 
65 
61 
68 
56 
57 
45 
49 
33 
45 
54 
56 
63 
66 
57 
45 
45 
33 
54 
33 
45 
37 
45 
33 
37 
33 
45 
37 
45 
33 
37 
33 
45 
37 
45 
33 
37 
33 
45 
37 
33 
45 
37 
33 
45 
37 
65 
66 
65 
64 
58 
61 
65 
46 
68 
58 
65 
64 
61 
58 
65 
46 
58 
66 
65 
64 
61 
58 
65 
46 
58 
71 
65 
63 
55 
52 
40 
52 
61 
75 
72 
68 
63 
64 
52 
55 
52 
40 
61 
70 
66 
73 
63 
52 
64 
55 
40 
52 
61 
63 
66 
70 
66 
63 
66 
63 
60 
58 
55 
64 
52 
40 
56 
70 
63 
58 
64 
55 
52 
52 
40 
56 
68 
61 
65 
58 
55 
64 
52 
40 
52 
56 
58 
61 
63 
66 
63 
61 
63 
61 
58 
56 
57 
54 
45 
49 
46 
50 
55 
31 
43 
38 
54 
56 
57 
49 
54 
45 
49 
46 
48 
49 
31 
58 
38 
55 
56 
57 
49 
54 
45 
49 
46 
55 
50 
31 
38 
54 
56 
57 
49 
54 
49 
49 
48 
46 
31 
38 
50 
55 
56 
68 
57 
49 
66 
54 
49 
45 
58 
46 
50 
55 
31 
38 
66 
56 
68 
57 
49 
66 
49 
45 
58 
46 
48 
60 
49 
61 
55 
58 
31 
43 
38 
68 
73 
80 
61 
69 
57 
78 
66 
57 
49 
45 
58 
70 
67 
62 
31 
43 
38 
66 
78 
68 
80 
73 
69 
57 
61 
66 
57 
49 
45 
68 
56 
58 
70 
43 
50 
60 
72 
73 
61 
43 
38 
80 
92 
81 
73 
69 
78 
69 
57 
61 
68 
70 
58 
55 
50 
60 
72 
61 
43 
85 
80 
92 
81 
73 
69 
78 
69 
57 
61 
68 
56 
55 
50 
43 
70 
58 
60 
72 
73 
61 
43 
31 
38 
85 
45 
37 
33 
66 
73 
73 
80 
57 
68 
61 
69 
57 
73 
61 
66 
69 
57 
61 
68 
73 
69 
57 
78 
61 
73 
66 
69 
57 
61 
68 
80 
73 
69 
57 
78 
61 
73 
66 
69 
57 
80 
61 
68 
73 
69 
57 
78 
73 
61 
66 
57 
68 
61 
73 
69 
78 
57 
73 
61 
66 
57 
69 
68 
61 
57 
78 
66 
73 
61 
80 
57 
68 
69 
73 
61 
73 
57 
66 
61 
80 
57 
69 
68 
73 
61 
69 
73 
57 
78 
61 
57 
80 
68 
61 
73 
69 
73 
57 
66 
61 
57 
69 
80 
68 
61 
73 
69 
57 
78 
66 
73 
61 
57 
80 
68 
61 
69 
57 
66 
61 
78 
73 
80 
69 
57 
68 
73 
61 
69 
73 
57 
61 
66 
80 
68 
69 
57 
73 
61 
69 
57 
61 
73 
78 
66 
69 
57 
68 
61 
57 
73 
66 
61 
69 
57 
80 
68 
73 
61 
69 
73 
78 
61 
66 
66 
30 
54 
42 
32 
56 
68 
44 
70 
46 
58 
34 
36 
48 
72 
61 
49 
37 
63 
39 
75 
65 
41 
53 
78 
66 
54 
42 
56 
80 
68 
44 
58 
82 
46 
70 
60 
84 
48 
85 
73 
61 
72 
87 
75 
63 
51 
65 
53 
90 
78 
66 
54 
68 
80 
92 
97 
73 
85 
61 
96 
72 
60 
70 
58 
58 
46 
50 
31 
38 
58 
62 
67 
55 
43 
50 
70 
58 
62 
67 
55 
43 
50 
58 
62 
67 
55 
43 
50 
58 
70 
62 
67 
55 
43 
50 
70 
58 
62 
67 
55 
43 
50 
58 
62 
67 
55 
43 
50 
62 
58 
70 
67 
55 
43 
50 
58 
70 
67 
55 
43 
50 
58 
70 
62 
67 
55 
43 
50 
58 
70 
67 
55 
50 
58 
70 
62 
67 
43 
55 
50 
58 
62 
67 
43 
55 
50 
58 
62 
70 
67 
43 
55 
50 
58 
62 
67 
70 
43 
55 
50 
70 
67 
62 
58 
43 
55 
50 
67 
58 
43 
38 
31 
58 
46 
55 
38 