-0.0008092632247820643
-0.006740547616137905
-0.013583140489008178
-0.020533121173302037
-0.027592890462977512
-0.03476576060772102
-0.042055197321566616
-0.049464828597614
-0.05699845499794721
-0.06466006077313394
-0.0724538258919244
-0.08038413907222797
-0.08845561191494343
-0.09667309425463251
-0.10504169085494654
-0.11356677959273447
-0.12225403129295104
-0.13110943139755893
-0.1401393036758048
-0.14935033621100957
-0.15874960993135115
-0.16834462998946256
-0.17814336033915476
-0.1881542619083568
-0.19838633482646448
-0.20884916523444125
-0.21955297728738613
-0.2305086910566295
-0.24172798715323549
-0.2532233790313342
-0.2650082940933757
-0.27709716491511155
-0.28950553214446617
-0.3022501609142241
-0.31534917295557724
-0.3288221970246004
-0.34269054077475825
-0.35697738785226435
-0.3717080247909772
-0.38691010328253905
-0.40261394465348416
-0.41885289497224876
-0.4356637412374323
-0.45308720170535843
-0.47116850679310357
-0.4899580914076119
-0.5095124253748662
-0.529895016405277
-0.5511776304825097
-0.5734417888110491
-0.5967806201127024
-0.6213011745646052
-0.6471273447188481
-0.6744035950977038
-0.703299784959401
-0.7340174928076896
-0.7667984412785357
-0.8019359193778822
-0.8397905804191379
-0.8808127953303585
-0.9255751233333734
-0.9748209469561564
-1.0295400060314313
-1.0910909292367856
-1.1614109070575247
-1.2433993989700243
-1.341684387065823
-1.464345660647895
-1.627523766922248
-1.8718021769016018
-2.3701559984706764
-2.5400594262655494
-1.9269565146324112
-1.659396934301464
-1.4858256170621826
-1.3570599856968115
-1.2546190170656621
-1.1695233915618235
-1.0967254939763122
-1.033103750274793
-0.9765923931267576
-0.9257532050391124
-0.8795445432113552
-0.8371877323572005
-0.7980853781726539
-0.7617691259274652
-0.727864979536926
-0.6960695417938537
-0.6661332922172755
-0.6378485403637106
-0.6110405686384505
-0.5855610020170549
-0.5612827648453047
-0.5380961895942402
-0.5159059755647064
-0.49462878405421773
-0.4741913165526629
-0.4545287640257205
-0.4355835444878963
-0.4173042668500876
-0.39964487405278587
-0.3825639295006304
-0.3660240189681904
-0.34999124625475736
-0.3344348054893039
-0.3193266165178682
-0.3046410125273371
-0.2903544711748776
-0.2764453821485542
-0.2628938453915536
-0.24968149526040373
-0.23679134671704127
-0.22420766032281644
-0.21191582334169937
-0.199902244699955
-0.18815426190835247
-0.1766600583485778
-0.16540858956893506
-0.1543895174369962
-0.14359315116492527
-0.13301039436442708
-0.12263269740614294
-0.11245201445848872
-0.10246076466482475
-0.09265179698969957
-0.08301835832578933
-0.07355406450507931
-0.06425287390276188
-0.055109063360307936
-0.0461172061875509
-0.03727215203188848
-0.028569008427706252
-0.02000312386059519
-0.011570072874933049
-0.0032682066198711913
-0.010089471926607833
-0.027866023734492568
-0.04710976376770437
-0.0680748353637777
-0.09108773880314584
-0.11657765011393144
-0.14512456986717676
-0.17753949017320178
-0.21500610562598033
-0.25935122740767796
-0.31361597972318694
-0.3834474690462468
-0.4813202699992788
-0.6456365745028274
-1.3268769476416837
-0.6793420787477925
-0.4961629374439849
-0.39113039328072546
-0.317057504775092
-0.2597179948716033
-0.21288132548671948
-0.1732564227808206
-0.13889152992864504
-0.10853355149128986
-0.08132986308060894
-0.05667397695875508
-0.034119064016865194
-0.013326406897162595
-0.012743403547726465
-0.06549006363741335
-0.16212148828306758
-0.36561042067935445
-0.11797826004687906
-0.03877805646458861
-0.026857067598773737
-0.006422291028763949
0.04983090340637511
0.08077954099777314
0.09471323884600309
0.086675797428371
0.11944428237377556
0.14072860699080283
0.15934992480499147
0.18176048261212396
0.17558633162993617
0.15065986633126163
-0.22755206196524477
0.18474019147411386
0.1995849355357908
0.19739432739530383
0.22322951672658822
0.20942081965219958
0.19857403584197597
-0.11487436286942579
-0.008814795722134899
0.17300160674158654
0.23229572112780342
0.2220430483326981
0.2391933416444788
0.23429712311773523
0.2622933300013112
0.27415394729809284
0.29401539482292693
-0.3073361065313949
0.2737235951329415
0.30089008119829735
0.31016533728187395
0.3127951302294976
0.3402475799911711
0.3474324085108155
0.34024411617101563
0.35588193318506767
0.35858268075913907
0.3436121720009055
0.36106459184326856
-0.057595389659368265
0.3541172746323114
0.36396840904773614
0.3674715674905478
0.3691624321459144
0.3794345490724083
0.3780731154961744
0.3733307442465658
0.3829013133033408
0.37578824213037465
0.3631949820686839
-0.3986480015923023
-0.014249278710785658
0.3353848554038106
0.3397189637438444
0.3688113090759174
0.3780183118026951
0.3986266556661635
0.3739062503567599
0.4037245908759976
0.41507463125631233
0.4113028701011617
0.37383298192752873
0.40440967860609445
0.41098561954217755
0.39756119301379195
0.42202206347665433
0.43758971371545585
0.44005098242642104
0.4287068173640353
0.4310428577111096
0.4414961389206777
0.42853521466464367
0.4311818294929853
0.423702476229553
0.4089094644597439
0.430615553605249
0.3623390129038392
-0.2529990959802818
-0.6892944958030937
-0.2226062678297197
-0.06314914552023394
-0.09259735779814794
-0.10899356559849352
0.006853758358305484
0.13630532400997325
0.19538060565987214
0.3680350139549956
0.4123612945475483
0.4183396997730481
0.4207516278331027
0.43748919701107636
0.4741462233996288
0.46954921278515827
0.4916432105053568
0.3980892280639616
0.4905080796507477
0.4732686803114882
0.49431472451340924
0.4840593322576972
0.5143477367434484
-0.015302591066173482
0.506660248932791
0.49836864468490577
0.5245969601484602
0.5329525822526727
0.5326675071812507
0.5281576305836461
0.5514813883898565
0.5603021267304547
0.5516451856172108
0.5596029369263628
0.5533753408228143
0.5698782478802257
0.5760486566822931
0.5654872281110321
0.5805498372191785
0.5514146619885432
0.5471164971610738
0.5859244722337053
0.5948417868247429
0.5903902283482902
0.6087212243587669
0.6260979718020911
0.6201116093201198
0.6375918777828018
0.6358544836387887
0.6439411966977452
0.6644539426229414
0.6935457791985353
