198 
 5 	 78 
 1532
58 
56 
58 
59 
61 
59 
58 
59 
61 
63 
59 
54 
56 
58 
56 
54 
54 
53 
51 
53 
54 
61 
58 
59 
61 
61 
54 
54 
54 
59 
58 
58 
56 
54 
56 
58 
54 
51 
53 
54 
51 
63 
56 
58 
56 
56 
55 
53 
55 
56 
56 
53 
54 
51 
56 
49 
56 
58 
54 
56 
58 
54 
51 
52 
52 
54 
49 
49 
61 
61 
58 
56 
54 
53 
51 
58 
51 
58 
199 
 5 	 78 
 1532
70 
68 
70 
71 
73 
71 
70 
71 
73 
75 
71 
66 
68 
70 
68 
66 
66 
65 
63 
65 
66 
73 
70 
71 
73 
73 
66 
66 
66 
71 
70 
70 
68 
66 
68 
70 
66 
63 
65 
66 
63 
75 
68 
70 
68 
68 
67 
65 
67 
68 
68 
65 
66 
63 
68 
61 
68 
70 
66 
68 
70 
66 
63 
64 
64 
66 
61 
61 
73 
73 
70 
68 
66 
65 
63 
70 
63 
70 
200 
 5 	 38 
 1532
58 
58 
60 
62 
63 
65 
63 
62 
60 
62 
63 
63 
63 
58 
60 
57 
58 
61 
60 
58 
56 
58 
58 
58 
58 
58 
58 
58 
57 
58 
53 
55 
56 
56 
58 
63 
62 
60 
201 
 5 	 179 
 1532
63 
66 
63 
73 
58 
66 
63 
66 
63 
65 
63 
58 
63 
56 
63 
70 
65 
66 
63 
65 
66 
63 
72 
73 
70 
72 
73 
70 
60 
65 
63 
65 
66 
65 
61 
66 
65 
70 
72 
63 
61 
60 
61 
70 
56 
58 
60 
66 
65 
58 
63 
70 
63 
58 
66 
63 
65 
63 
65 
62 
63 
70 
72 
73 
58 
70 
60 
61 
66 
65 
73 
56 
68 
73 
75 
72 
73 
66 
63 
71 
70 
66 
63 
63 
66 
66 
63 
66 
59 
63 
63 
70 
63 
66 
65 
66 
63 
73 
58 
72 
70 
63 
65 
63 
71 
68 
70 
66 
66 
68 
65 
63 
65 
66 
70 
66 
63 
66 
61 
70 
61 
63 
65 
66 
63 
65 
66 
65 
63 
61 
60 
61 
63 
73 
58 
65 
72 
70 
68 
63 
61 
60 
61 
63 
56 
68 
73 
72 
66 
65 
63 
65 
60 
73 
66 
72 
70 
65 
63 
61 
63 
68 
66 
65 
63 
65 
63 
68 
70 
65 
66 
72 
73 
70 
65 
63 
65 
65 
63 
202 
 5 	 110 
 1532
70 
71 
70 
63 
70 
70 
73 
72 
70 
68 
70 
65 
73 
72 
70 
68 
65 
68 
70 
72 
68 
73 
72 
70 
70 
69 
70 
70 
70 
73 
70 
65 
66 
68 
70 
68 
66 
65 
66 
68 
70 
68 
70 
72 
73 
75 
73 
72 
70 
72 
73 
72 
70 
70 
68 
70 
63 
70 
66 
65 
66 
68 
70 
65 
67 
68 
65 
73 
70 
70 
72 
73 
71 
70 
68 
70 
72 
73 
70 
72 
73 
75 
68 
71 
70 
67 
68 
70 
68 
66 
65 
73 
72 
70 
68 
70 
65 
66 
68 
70 
66 
68 
70 
68 
66 
66 
65 
63 
65 
63 
203 
 5 	 82 
 1532
61 
63 
65 
66 
68 
66 
65 
61 
63 
65 
61 
66 
65 
58 
66 
66 
66 
66 
61 
63 
65 
66 
68 
66 
65 
63 
65 
66 
65 
65 
63 
61 
63 
61 
58 
66 
65 
66 
63 
61 
65 
68 
67 
68 
65 
63 
63 
61 
58 
61 
60 
61 
68 
63 
66 
65 
68 
63 
66 
61 
65 
60 
63 
58 
65 
61 
58 
56 
68 
63 
66 
61 
65 
60 
63 
58 
65 
63 
61 
60 
58 
56 
204 
 5 	 86 
 1532
66 
70 
73 
75 
77 
78 
80 
75 
78 
78 
75 
73 
75 
77 
78 
77 
80 
78 
77 
75 
77 
78 
80 
78 
75 
78 
77 
75 
77 
78 
73 
75 
73 
70 
71 
70 
73 
73 
75 
77 
78 
77 
73 
75 
73 
78 
78 
77 
75 
75 
77 
78 
75 
78 
77 
80 
78 
77 
75 
77 
78 
77 
70 
70 
71 
73 
75 
73 
73 
75 
76 
75 
78 
77 
75 
73 
71 
73 
75 
77 
78 
77 
75 
73 
72 
73 
205 
 5 	 78 
 1532
73 
70 
68 
70 
68 
65 
73 
72 
73 
75 
77 
70 
75 
73 
70 
70 
73 
70 
75 
71 
66 
66 
70 
66 
73 
70 
78 
78 
75 
78 
71 
68 
70 
66 
71 
68 
76 
73 
78 
75 
76 
75 
73 
75 
70 
71 
68 
70 
66 
66 
65 
66 
73 
75 
72 
73 
73 
73 
70 
78 
78 
75 
71 
76 
73 
75 
71 
71 
68 
70 
70 
66 
66 
66 
66 
70 
70 
70 
206 
 5 	 92 
 1532
73 
70 
71 
73 
75 
70 
73 
71 
71 
70 
66 
68 
68 
66 
68 
75 
71 
75 
77 
78 
77 
75 
73 
71 
70 
68 
75 
75 
78 
78 
78 
75 
75 
71 
68 
70 
71 
73 
75 
75 
68 
75 
78 
77 
75 
73 
71 
70 
68 
67 
68 
75 
78 
77 
78 
77 
75 
73 
71 
71 
70 
71 
75 
73 
75 
73 
71 
70 
68 
71 
70 
66 
70 
68 
70 
71 
73 
75 
77 
78 
80 
78 
77 
75 
78 
77 
77 
75 
73 
75 
75 
73 
207 
 5 	 86 
 1532
66 
68 
70 
70 
65 
66 
59 
71 
70 
68 
66 
63 
65 
66 
68 
70 
71 
70 
66 
66 
63 
66 
65 
66 
59 
59 
61 
63 
59 
58 
59 
61 
63 
56 
68 
70 
71 
70 
70 
68 
70 
68 
73 
70 
68 
70 
70 
66 
68 
70 
71 
68 
66 
65 
63 
61 
59 
61 
63 
64 
61 
59 
58 
59 
61 
63 
59 
58 
61 
63 
65 
66 
63 
61 
66 
68 
70 
71 
68 
66 
66 
68 
70 
71 
68 
66 
208 
 5 	 102 
 1532
66 
66 
66 
68 
70 
66 
66 
66 
68 
70 
71 
73 
71 
70 
68 
66 
65 
63 
63 
75 
73 
71 
70 
68 
70 
71 
68 
70 
68 
66 
65 
63 
65 
63 
68 
68 
66 
68 
70 
71 
70 
68 
66 
65 
63 
65 
66 
63 
68 
66 
68 
70 
71 
68 
63 
68 
70 
68 
66 
65 
63 
64 
61 
66 
63 
71 
70 
68 
67 
68 
75 
75 
73 
71 
70 
68 
66 
63 
65 
66 
68 
70 
66 
68 
63 
65 
66 
59 
61 
63 
65 
66 
68 
70 
71 
73 
71 
71 
70 
68 
70 
68 
209 
 5 	 124 
 1532
66 
65 
66 
63 
61 
63 
65 
66 
68 
56 
58 
59 
61 
54 
66 
65 
63 
65 
66 
63 
61 
61 
60 
61 
58 
56 
58 
54 
66 
65 
63 
65 
66 
68 
65 
66 
68 
66 
65 
65 
63 
61 
63 
63 
61 
66 
66 
65 
66 
65 
63 
65 
66 
63 
61 
63 
65 
66 
63 
61 
66 
65 
63 
68 
66 
66 
65 
66 
66 
63 
59 
64 
63 
61 
59 
63 
61 
61 
59 
58 
59 
59 
58 
63 
63 
61 
63 
65 
66 
65 
63 
65 
66 
63 
61 
61 
58 
61 
66 
65 
63 
61 
63 
59 
54 
56 
58 
59 
61 
59 
58 
56 
58 
59 
61 
58 
59 
58 
58 
56 
54 
56 
56 
54 
210 
 5 	 94 
 1532
54 
56 
54 
59 
59 
56 
56 
58 
59 
61 
63 
59 
64 
61 
63 
56 
59 
58 
54 
56 
58 
59 
61 
63 
56 
59 
58 
59 
61 
59 
59 
58 
59 
61 
59 
59 
59 
59 
59 
58 
56 
54 
56 
63 
63 
63 
61 
59 
58 
56 
58 
58 
56 
64 
64 
64 
63 
61 
59 
58 
59 
59 
56 
63 
63 
63 
61 
63 
65 
61 
63 
59 
58 
63 
63 
63 
61 
63 
65 
61 
63 
61 
59 
58 
56 
58 
59 
56 
61 
59 
58 
56 
58 
56 
211 
 5 	 79 
 1532
68 
61 
66 
59 
61 
63 
65 
66 
65 
66 
68 
70 
63 
65 
66 
65 
63 
61 
59 
58 
63 
63 
63 
66 
61 
61 
61 
61 
64 
63 
59 
63 
58 
70 
68 
66 
65 
63 
56 
68 
66 
65 
63 
61 
59 
61 
58 
63 
62 
63 
71 
71 
71 
64 
64 
59 
59 
66 
68 
70 
66 
71 
70 
68 
68 
66 
64 
63 
71 
71 
70 
68 
66 
63 
63 
61 
59 
58 
56 
212 
 5 	 78 
 1532
58 
58 
60 
61 
58 
65 
61 
60 
58 
56 
54 
56 
58 
60 
61 
58 
66 
65 
63 
63 
58 
54 
56 
58 
60 
61 
63 
65 
66 
68 
66 
65 
63 
61 
60 
58 
63 
63 
61 
61 
60 
58 
60 
60 
58 
54 
56 
54 
59 
58 
58 
54 
61 
65 
66 
68 
66 
65 
63 
61 
58 
66 
65 
65 
63 
63 
61 
61 
60 
61 
65 
63 
61 
60 
58 
56 
54 
53 
213 
 5 	 74 
 1532
65 
65 
65 
68 
70 
70 
70 
75 
73 
72 
73 
75 
77 
75 
73 
72 
73 
72 
65 
65 
70 
68 
66 
68 
65 
73 
72 
70 
68 
70 
72 
73 
72 
70 
70 
69 
70 
70 
70 
70 
70 
70 
70 
70 
70 
70 
68 
70 
73 
68 
65 
73 
72 
73 
77 
72 
68 
72 
70 
68 
75 
73 
72 
72 
70 
72 
75 
70 
72 
73 
75 
77 
75 
77 
214 
 5 	 108 
 1532
68 
72 
75 
68 
72 
73 
75 
73 
72 
70 
68 
66 
65 
65 
63 
75 
73 
72 
73 
70 
75 
73 
72 
73 
68 
70 
68 
68 
70 
72 
73 
75 
72 
73 
72 
72 
70 
68 
70 
68 
72 
72 
73 
72 
73 
70 
70 
68 
72 
72 
73 
68 
70 
68 
66 
65 
66 
68 
70 
72 
75 
73 
73 
72 
73 
68 
70 
68 
66 
65 
73 
75 
73 
72 
70 
69 
70 
70 
75 
73 
72 
73 
70 
68 
66 
65 
68 
66 
65 
70 
68 
75 
73 
72 
75 
73 
72 
70 
73 
72 
70 
68 
66 
65 
63 
68 
67 
68 
215 
 5 	 87 
 1532
75 
73 
72 
70 
72 
68 
73 
70 
72 
73 
75 
72 
73 
72 
72 
70 
68 
70 
63 
75 
74 
75 
72 
72 
72 
72 
73 
75 
68 
70 
72 
73 
72 
70 
68 
73 
73 
73 
73 
72 
70 
75 
73 
72 
73 
66 
73 
73 
73 
70 
70 
70 
73 
70 
73 
73 
75 
73 
72 
70 
68 
68 
66 
63 
65 
66 
68 
70 
72 
73 
75 
77 
73 
72 
73 
70 
73 
68 
65 
68 
70 
66 
68 
66 
66 
65 
63 
216 
 5 	 98 
 1532
70 
67 
70 
70 
75 
73 
72 
70 
68 
66 
65 
68 
66 
68 
70 
72 
73 
75 
73 
73 
72 
70 
72 
73 
70 
72 
73 
70 
72 
72 
70 
68 
65 
66 
68 
65 
66 
65 
70 
72 
73 
70 
73 
72 
68 
70 
72 
73 
75 
73 
72 
74 
75 
63 
65 
66 
68 
70 
71 
70 
68 
70 
72 
73 
72 
75 
73 
72 
70 
68 
66 
68 
65 
70 
72 
73 
68 
70 
72 
73 
75 
73 
72 
70 
72 
73 
75 
77 
75 
73 
72 
70 
63 
68 
67 
65 
67 
68 
217 
 5 	 99 
 1532
70 
71 
71 
70 
71 
73 
75 
76 
75 
73 
72 
70 
72 
73 
70 
71 
71 
70 
71 
73 
75 
76 
75 
73 
72 
70 
72 
73 
70 
68 
70 
71 
71 
70 
68 
70 
73 
73 
73 
72 
73 
75 
73 
72 
72 
73 
75 
73 
73 
72 
73 
70 
70 
68 
68 
67 
67 
68 
71 
70 
71 
71 
73 
71 
70 
71 
68 
68 
69 
69 
68 
68 
71 
71 
71 
70 
73 
75 
75 
75 
75 
73 
73 
76 
75 
73 
72 
73 
73 
75 
68 
70 
71 
71 
73 
71 
70 
68 
70 
218 
 5 	 96 
 1532
68 
67 
68 
70 
71 
71 
71 
71 
73 
71 
71 
70 
68 
70 
68 
80 
78 
77 
75 
74 
72 
74 
75 
75 
75 
78 
77 
78 
73 
73 
76 
75 
68 
70 
73 
75 
73 
78 
77 
75 
74 
72 
74 
75 
78 
75 
73 
70 
68 
71 
70 
70 
70 
72 
73 
71 
70 
71 
73 
75 
73 
76 
75 
73 
71 
70 
73 
71 
70 
68 
67 
65 
67 
68 
70 
72 
73 
71 
70 
71 
73 
75 
73 
76 
75 
73 
71 
70 
73 
71 
70 
68 
67 
65 
67 
68 
219 
 5 	 43 
 1532
73 
71 
70 
71 
68 
66 
66 
61 
63 
59 
61 
73 
71 
70 
68 
66 
66 
65 
66 
78 
77 
75 
73 
70 
73 
71 
70 
71 
68 
66 
66 
61 
63 
59 
61 
73 
71 
70 
68 
66 
66 
65 
66 
220 
 5 	 58 
 1532
65 
65 
67 
67 
68 
67 
65 
63 
65 
65 
64 
65 
65 
65 
67 
65 
63 
65 
67 
63 
65 
65 
65 
65 
67 
67 
68 
67 
70 
68 
67 
65 
65 
67 
67 
67 
65 
64 
65 
64 
65 
65 
58 
60 
63 
63 
65 
65 
65 
67 
68 
65 
67 
65 
64 
62 
64 
65 
221 
 5 	 111 
 1532
65 
63 
61 
58 
60 
61 
63 
65 
67 
68 
65 
63 
65 
67 
68 
70 
68 
65 
67 
68 
65 
65 
68 
67 
65 
64 
65 
65 
65 
68 
67 
63 
65 
65 
68 
63 
65 
65 
68 
67 
63 
65 
68 
65 
60 
63 
65 
58 
60 
61 
60 
65 
64 
65 
60 
65 
63 
68 
65 
66 
63 
65 
61 
60 
58 
60 
63 
65 
63 
67 
68 
65 
63 
61 
60 
56 
61 
60 
56 
58 
61 
60 
60 
63 
60 
65 
63 
67 
68 
67 
65 
63 
65 
67 
60 
56 
58 
65 
63 
67 
68 
67 
63 
61 
60 
58 
60 
65 
63 
61 
60 
222 
 5 	 85 
 1532
63 
61 
60 
58 
60 
61 
60 
61 
63 
61 
63 
60 
61 
60 
60 
58 
56 
58 
51 
63 
62 
63 
60 
60 
60 
60 
61 
63 
56 
58 
60 
61 
56 
61 
61 
61 
61 
60 
58 
63 
61 
60 
61 
54 
61 
61 
61 
58 
58 
58 
61 
58 
61 
61 
63 
61 
60 
60 
58 
51 
53 
54 
56 
58 
60 
61 
63 
65 
61 
60 
61 
63 
61 
61 
60 
58 
56 
53 
56 
58 
58 
56 
54 
53 
51 
223 
 5 	 96 
 1532
49 
49 
45 
45 
52 
52 
52 
52 
51 
56 
54 
52 
51 
56 
55 
56 
55 
56 
52 
49 
51 
52 
49 
51 
52 
49 
57 
56 
49 
54 
53 
54 
53 
54 
49 
47 
52 
51 
49 
52 
51 
52 
47 
47 
47 
51 
49 
56 
56 
57 
56 
51 
54 
52 
49 
49 
51 
52 
54 
56 
54 
52 
51 
49 
49 
51 
52 
54 
56 
54 
52 
51 
49 
47 
44 
46 
47 
49 
51 
52 
54 
49 
44 
44 
46 
47 
49 
51 
48 
49 
44 
49 
42 
49 
42 
49 
224 
 5 	 72 
 1532
67 
67 
63 
63 
68 
67 
67 
65 
63 
62 
63 
67 
67 
67 
63 
63 
63 
68 
65 
65 
63 
60 
60 
62 
63 
68 
68 
67 
65 
65 
60 
63 
63 
61 
60 
65 
63 
68 
67 
65 
63 
68 
67 
65 
65 
64 
65 
60 
61 
58 
60 
56 
58 
60 
58 
70 
68 
67 
63 
68 
67 
63 
62 
60 
58 
60 
63 
62 
60 
58 
60 
62 
225 
 5 	 49 
 1532
58 
60 
58 
63 
63 
63 
58 
60 
53 
51 
53 
55 
53 
56 
55 
53 
55 
56 
60 
61 
60 
63 
58 
60 
58 
63 
63 
56 
58 
60 
61 
63 
58 
60 
60 
63 
58 
60 
58 
56 
55 
58 
56 
63 
61 
60 
61 
58 
60 
226 
 5 	 114 
 1532
68 
67 
68 
70 
71 
71 
71 
71 
73 
71 
70 
71 
70 
71 
70 
68 
67 
65 
67 
68 
71 
70 
71 
73 
73 
73 
73 
72 
73 
75 
73 
71 
70 
66 
66 
65 
68 
68 
68 
68 
70 
73 
71 
71 
70 
68 
70 
71 
66 
68 
70 
71 
70 
68 
61 
66 
68 
70 
71 
68 
66 
68 
70 
71 
70 
66 
68 
70 
71 
70 
68 
67 
68 
66 
71 
68 
68 
70 
68 
66 
65 
63 
70 
68 
73 
66 
65 
70 
66 
71 
70 
68 
67 
65 
67 
68 
70 
75 
73 
78 
75 
68 
73 
71 
76 
75 
68 
68 
70 
71 
70 
68 
67 
68 
227 
 5 	 52 
 1532
66 
68 
66 
65 
66 
59 
61 
63 
64 
66 
64 
63 
61 
63 
61 
66 
66 
65 
66 
68 
69 
68 
61 
61 
60 
61 
63 
64 
63 
61 
63 
66 
64 
63 
64 
66 
68 
70 
71 
68 
69 
66 
61 
68 
61 
64 
66 
68 
66 
66 
65 
66 
228 
 5 	 81 
 1532
54 
54 
54 
54 
59 
58 
56 
54 
59 
58 
56 
54 
54 
53 
54 
47 
54 
51 
47 
46 
51 
51 
49 
54 
53 
51 
49 
47 
46 
44 
47 
49 
51 
53 
54 
51 
49 
51 
53 
54 
49 
54 
56 
58 
59 
61 
59 
58 
53 
54 
58 
56 
49 
51 
53 
54 
56 
54 
53 
54 
51 
47 
46 
46 
47 
49 
51 
47 
44 
49 
47 
46 
44 
46 
47 
49 
51 
47 
46 
47 
42 
229 
 5 	 79 
 1532
56 
51 
54 
47 
49 
51 
53 
54 
53 
54 
56 
58 
51 
49 
54 
53 
51 
49 
47 
46 
51 
51 
51 
54 
49 
49 
49 
49 
52 
51 
47 
51 
46 
58 
56 
54 
53 
51 
44 
56 
54 
53 
51 
49 
47 
49 
46 
51 
50 
51 
59 
59 
59 
52 
52 
47 
47 
54 
56 
58 
54 
59 
58 
56 
56 
54 
52 
51 
59 
59 
58 
56 
54 
51 
51 
49 
47 
46 
44 
230 
 5 	 103 
 1532
54 
51 
53 
54 
56 
54 
51 
53 
54 
53 
51 
53 
54 
51 
51 
51 
52 
51 
49 
49 
54 
52 
51 
49 
47 
49 
47 
47 
47 
49 
47 
46 
46 
47 
46 
44 
49 
54 
47 
47 
49 
54 
58 
54 
51 
47 
54 
47 
49 
44 
47 
52 
54 
49 
49 
44 
49 
46 
47 
49 
51 
51 
49 
42 
44 
46 
47 
47 
46 
44 
49 
47 
52 
51 
49 
56 
49 
56 
54 
51 
58 
59 
58 
56 
54 
59 
52 
47 
52 
56 
51 
49 
49 
42 
54 
54 
52 
51 
49 
47 
47 
59 
54 
231 
 5 	 130 
 1532
66 
65 
58 
58 
61 
61 
61 
63 
63 
63 
63 
58 
58 
58 
63 
63 
63 
63 
65 
66 
65 
63 
62 
65 
58 
63 
66 
63 
63 
62 
60 
62 
63 
68 
65 
65 
66 
63 
65 
58 
61 
63 
61 
60 
62 
62 
63 
60 
58 
65 
65 
61 
63 
65 
58 
58 
60 
61 
63 
62 
60 
62 
63 
60 
57 
58 
60 
53 
65 
58 
58 
56 
54 
53 
56 
56 
58 
63 
59 
59 
59 
59 
63 
62 
62 
63 
66 
65 
65 
65 
63 
56 
56 
61 
58 
61 
61 
58 
61 
66 
66 
66 
66 
68 
70 
66 
63 
62 
62 
62 
63 
58 
63 
59 
61 
54 
63 
63 
61 
60 
63 
61 
61 
65 
63 
63 
62 
60 
62 
63 
232 
 5 	 117 
 1532
70 
70 
70 
70 
70 
67 
68 
70 
72 
70 
69 
67 
69 
70 
70 
72 
72 
73 
73 
75 
75 
73 
72 
70 
67 
70 
68 
66 
65 
72 
72 
74 
75 
77 
70 
70 
70 
70 
72 
72 
73 
66 
65 
66 
63 
61 
63 
65 
66 
65 
66 
68 
70 
69 
73 
73 
70 
66 
65 
75 
75 
75 
73 
73 
73 
73 
75 
75 
75 
70 
70 
70 
69 
67 
69 
70 
65 
73 
73 
70 
69 
69 
70 
69 
66 
66 
63 
65 
66 
68 
68 
73 
72 
70 
70 
66 
61 
73 
72 
70 
70 
75 
75 
70 
68 
66 
65 
63 
62 
60 
62 
63 
63 
75 
75 
71 
70 
233 
 5 	 116 
 1532
70 
73 
73 
72 
70 
70 
68 
63 
65 
66 
63 
75 
74 
72 
74 
75 
75 
73 
70 
72 
70 
72 
70 
70 
69 
67 
69 
70 
70 
72 
73 
73 
73 
72 
70 
71 
71 
71 
70 
68 
68 
67 
70 
70 
70 
71 
70 
70 
68 
65 
66 
63 
62 
63 
71 
70 
73 
73 
77 
75 
75 
74 
75 
68 
68 
70 
73 
72 
73 
73 
70 
73 
70 
71 
70 
70 
71 
71 
68 
68 
75 
75 
70 
72 
73 
73 
72 
70 
69 
70 
69 
70 
72 
73 
73 
71 
70 
70 
68 
66 
65 
66 
68 
65 
63 
65 
66 
68 
70 
75 
71 
70 
68 
71 
70 
70 
234 
 5 	 119 
 1532
72 
74 
74 
74 
75 
73 
72 
70 
68 
66 
65 
73 
71 
70 
70 
66 
65 
75 
75 
75 
68 
63 
65 
68 
70 
63 
70 
68 
70 
69 
69 
70 
72 
73 
72 
75 
68 
66 
70 
63 
65 
66 
65 
63 
65 
66 
65 
70 
70 
70 
69 
70 
70 
66 
66 
65 
68 
68 
67 
68 
68 
68 
68 
75 
68 
68 
70 
70 
68 
70 
70 
63 
65 
66 
68 
70 
63 
75 
70 
70 
70 
70 
70 
69 
69 
70 
70 
68 
67 
67 
68 
73 
70 
68 
68 
70 
75 
75 
75 
68 
72 
73 
77 
75 
73 
72 
70 
70 
75 
68 
70 
70 
67 
67 
68 
70 
70 
70 
70 
235 
 5 	 149 
 1532
68 
67 
67 
68 
70 
71 
70 
68 
70 
71 
71 
75 
75 
74 
75 
75 
75 
71 
70 
68 
75 
75 
74 
74 
75 
72 
72 
73 
73 
66 
71 
70 
68 
67 
68 
70 
70 
73 
71 
71 
70 
68 
70 
71 
66 
68 
70 
70 
63 
62 
60 
62 
66 
63 
66 
71 
73 
75 
73 
75 
73 
71 
70 
66 
73 
75 
75 
73 
71 
70 
66 
68 
70 
71 
71 
68 
75 
75 
73 
73 
72 
65 
70 
70 
70 
71 
71 
70 
63 
68 
70 
70 
71 
75 
73 
75 
68 
66 
65 
66 
68 
70 
71 
68 
67 
65 
67 
68 
71 
71 
70 
68 
66 
65 
63 
66 
68 
63 
75 
75 
73 
71 
70 
68 
66 
70 
70 
71 
73 
73 
73 
73 
71 
70 
68 
66 
65 
67 
68 
67 
65 
67 
68 
68 
73 
68 
68 
75 
75 
236 
 5 	 148 
 1532
63 
63 
60 
65 
63 
65 
66 
65 
70 
68 
65 
68 
65 
65 
66 
65 
66 
68 
66 
63 
65 
63 
61 
58 
63 
58 
65 
66 
63 
65 
65 
66 
65 
63 
65 
65 
63 
63 
66 
66 
65 
62 
62 
63 
65 
66 
63 
63 
60 
65 
65 
65 
65 
65 
63 
67 
68 
68 
68 
68 
68 
68 
68 
61 
61 
60 
60 
61 
56 
59 
59 
58 
61 
60 
61 
63 
63 
63 
56 
63 
63 
63 
66 
63 
63 
63 
63 
66 
63 
63 
65 
65 
66 
68 
68 
66 
65 
67 
68 
68 
65 
63 
61 
63 
60 
60 
61 
60 
68 
66 
65 
66 
65 
63 
66 
65 
61 
63 
61 
65 
65 
63 
60 
63 
65 
63 
65 
63 
65 
63 
65 
63 
65 
63 
65 
63 
65 
65 
65 
61 
61 
61 
61 
61 
61 
61 
61 
60 
237 
 5 	 321 
 1532
69 
69 
69 
71 
69 
68 
68 
69 
74 
73 
71 
69 
68 
69 
73 
73 
73 
74 
73 
71 
71 
74 
74 
73 
71 
69 
68 
69 
73 
74 
74 
73 
71 
70 
70 
71 
73 
75 
76 
75 
76 
73 
73 
73 
71 
69 
71 
69 
66 
69 
68 
69 
73 
73 
73 
71 
69 
71 
69 
66 
69 
68 
69 
68 
68 
68 
69 
68 
66 
68 
69 
71 
71 
69 
69 
69 
68 
68 
68 
69 
68 
66 
68 
69 
71 
71 
69 
69 
69 
69 
71 
71 
73 
73 
71 
71 
73 
69 
68 
71 
71 
71 
73 
73 
73 
71 
69 
71 
69 
66 
69 
68 
69 
73 
73 
73 
71 
69 
71 
69 
66 
69 
68 
69 
69 
69 
71 
73 
74 
73 
73 
73 
74 
73 
74 
73 
69 
71 
73 
69 
69 
71 
73 
74 
73 
73 
73 
74 
73 
74 
73 
69 
71 
73 
76 
69 
71 
73 
69 
71 
69 
73 
73 
73 
76 
75 
76 
73 
73 
73 
71 
69 
71 
69 
66 
69 
68 
69 
73 
73 
73 
71 
69 
71 
69 
66 
69 
68 
69 
68 
69 
69 
71 
71 
73 
73 
78 
76 
74 
73 
71 
70 
71 
68 
69 
69 
71 
71 
73 
73 
78 
76 
74 
73 
71 
70 
71 
70 
70 
71 
73 
71 
71 
70 
71 
73 
69 
69 
69 
68 
69 
69 
73 
71 
69 
71 
69 
66 
69 
68 
69 
73 
73 
73 
71 
69 
71 
69 
66 
69 
68 
69 
66 
66 
66 
68 
69 
69 
69 
71 
69 
69 
66 
68 
69 
66 
66 
66 
68 
69 
69 
69 
71 
69 
69 
66 
68 
69 
66 
67 
66 
67 
66 
71 
70 
71 
74 
74 
78 
76 
76 
75 
76 
73 
73 
73 
71 
69 
71 
69 
66 
69 
68 
69 
73 
73 
73 
71 
69 
71 
69 
66 
69 
68 
69 
66 
64 
66 
64 
66 
64 
238 
 5 	 53 
 1532
73 
70 
71 
70 
68 
70 
71 
73 
75 
73 
71 
70 
68 
65 
66 
65 
63 
65 
66 
68 
66 
65 
66 
70 
66 
65 
70 
68 
73 
72 
73 
68 
73 
71 
70 
68 
66 
65 
65 
66 
68 
70 
63 
65 
68 
65 
63 
68 
67 
68 
70 
75 
68 
239 
 5 	 240 
 1532
61 
58 
59 
59 
54 
58 
59 
61 
58 
61 
58 
61 
59 
58 
56 
54 
54 
56 
54 
51 
54 
54 
56 
54 
54 
58 
61 
61 
54 
61 
58 
58 
54 
56 
58 
54 
54 
49 
49 
49 
56 
58 
60 
61 
58 
56 
56 
54 
51 
51 
51 
58 
56 
54 
56 
54 
61 
59 
58 
59 
61 
54 
61 
59 
58 
56 
56 
56 
53 
53 
61 
60 
60 
60 
61 
61 
63 
61 
66 
63 
61 
59 
61 
59 
58 
56 
49 
51 
53 
49 
61 
58 
56 
56 
54 
54 
59 
58 
56 
52 
54 
52 
51 
49 
49 
61 
61 
59 
59 
61 
58 
54 
58 
59 
61 
49 
51 
53 
53 
61 
61 
61 
58 
54 
58 
56 
54 
54 
51 
54 
49 
49 
51 
53 
54 
56 
49 
49 
49 
54 
49 
58 
58 
61 
56 
61 
61 
54 
56 
60 
60 
60 
63 
61 
61 
59 
56 
56 
59 
54 
56 
58 
59 
61 
61 
63 
61 
61 
58 
56 
58 
61 
60 
61 
56 
49 
49 
49 
56 
58 
58 
58 
59 
58 
59 
61 
61 
61 
58 
61 
61 
61 
63 
64 
63 
61 
61 
61 
54 
54 
61 
58 
59 
56 
54 
54 
61 
61 
54 
49 
56 
56 
49 
49 
54 
54 
54 
49 
51 
53 
54 
56 
49 
49 
58 
56 
56 
58 
61 
61 
61 
58 
63 
59 
59 
61 
49 
51 
53 
58 
240 
 5 	 306 
 1532
66 
66 
66 
68 
68 
70 
71 
71 
71 
66 
70 
68 
61 
68 
70 
68 
68 
68 
68 
68 
75 
68 
70 
70 
70 
68 
70 
70 
73 
70 
66 
66 
66 
66 
66 
68 
70 
71 
70 
68 
61 
73 
72 
73 
70 
70 
71 
75 
70 
63 
63 
66 
66 
73 
72 
72 
73 
73 
68 
70 
71 
70 
68 
68 
68 
67 
67 
68 
68 
68 
70 
70 
71 
70 
70 
68 
70 
73 
73 
66 
66 
68 
70 
75 
75 
75 
71 
70 
73 
72 
73 
75 
75 
68 
68 
70 
70 
66 
73 
75 
73 
73 
70 
70 
70 
67 
68 
70 
68 
68 
73 
73 
73 
70 
68 
70 
71 
71 
71 
70 
71 
73 
73 
73 
70 
68 
73 
72 
73 
73 
66 
66 
71 
70 
75 
68 
68 
70 
68 
65 
68 
68 
68 
70 
71 
71 
70 
70 
68 
68 
68 
70 
70 
71 
71 
73 
73 
68 
68 
70 
73 
70 
73 
72 
73 
73 
73 
70 
71 
71 
71 
70 
70 
68 
71 
71 
70 
70 
75 
68 
73 
73 
73 
66 
68 
66 
65 
66 
66 
68 
70 
73 
73 
66 
66 
68 
70 
68 
66 
65 
63 
66 
65 
63 
65 
66 
73 
73 
70 
68 
68 
73 
70 
68 
73 
73 
73 
73 
73 
70 
66 
68 
68 
68 
68 
73 
72 
73 
71 
71 
71 
71 
70 
68 
68 
70 
70 
70 
68 
68 
66 
73 
70 
68 
68 
70 
73 
66 
63 
68 
73 
70 
73 
72 
73 
70 
70 
71 
71 
71 
68 
73 
75 
75 
70 
70 
68 
68 
68 
67 
68 
70 
68 
68 
75 
75 
75 
75 
74 
75 
71 
70 
71 
70 
70 
70 
72 
72 
73 
73 
68 
68 
70 
68 
68 
66 
68 
75 
75 
73 
68 
68 
73 
70 
71 
73 
241 
 5 	 102 
 1532
54 
56 
58 
59 
61 
54 
54 
56 
61 
61 
61 
54 
56 
61 
61 
66 
65 
63 
65 
66 
66 
63 
63 
65 
68 
68 
68 
68 
61 
63 
63 
58 
61 
61 
56 
63 
56 
61 
61 
68 
67 
68 
65 
65 
65 
68 
65 
66 
66 
66 
66 
66 
66 
66 
66 
65 
63 
65 
66 
68 
66 
65 
66 
66 
66 
66 
63 
63 
65 
65 
66 
66 
66 
65 
63 
65 
66 
66 
66 
66 
65 
63 
65 
66 
68 
66 
65 
66 
66 
66 
66 
63 
63 
65 
65 
66 
66 
66 
65 
63 
65 
66 
242 
 5 	 74 
 1532
42 
47 
44 
49 
42 
54 
54 
54 
51 
54 
54 
49 
42 
54 
49 
51 
46 
51 
49 
54 
54 
51 
56 
53 
58 
51 
51 
51 
54 
56 
54 
49 
49 
54 
54 
51 
54 
42 
47 
44 
49 
42 
54 
54 
54 
51 
54 
54 
49 
42 
54 
49 
51 
46 
51 
49 
54 
54 
51 
56 
53 
58 
51 
51 
51 
54 
56 
54 
49 
49 
54 
54 
51 
54 
243 
 5 	 40 
 1532
58 
51 
58 
53 
58 
60 
58 
57 
58 
53 
55 
51 
53 
46 
58 
55 
56 
55 
53 
51 
58 
51 
56 
55 
56 
58 
51 
50 
51 
53 
53 
55 
56 
58 
51 
48 
50 
51 
53 
46 
244 
 5 	 77 
 1532
58 
56 
55 
53 
51 
53 
46 
48 
50 
51 
46 
51 
53 
55 
56 
58 
56 
51 
53 
46 
51 
51 
48 
53 
50 
51 
48 
46 
58 
58 
55 
60 
56 
58 
55 
53 
51 
58 
58 
56 
58 
60 
62 
63 
62 
60 
58 
58 
53 
55 
56 
58 
51 
53 
53 
51 
48 
50 
51 
53 
55 
53 
46 
51 
53 
55 
56 
60 
58 
51 
51 
55 
51 
55 
58 
51 
46 
245 
 5 	 91 
 1532
51 
53 
55 
56 
58 
55 
56 
55 
56 
58 
55 
60 
58 
56 
55 
53 
55 
53 
58 
55 
53 
58 
56 
55 
53 
55 
56 
55 
51 
53 
55 
56 
58 
53 
55 
56 
58 
60 
58 
58 
57 
58 
53 
50 
48 
53 
51 
50 
48 
51 
48 
46 
51 
50 
48 
46 
58 
55 
53 
58 
56 
55 
53 
56 
55 
51 
53 
55 
53 
51 
50 
50 
48 
46 
48 
48 
46 
51 
53 
55 
56 
60 
58 
51 
51 
55 
51 
55 
58 
51 
50 
246 
 5 	 110 
 1532
61 
63 
51 
65 
54 
63 
65 
65 
54 
75 
65 
68 
54 
70 
73 
68 
65 
65 
54 
63 
51 
65 
54 
63 
65 
54 
64 
75 
49 
71 
73 
59 
49 
70 
49 
54 
63 
63 
71 
65 
75 
49 
70 
56 
58 
59 
49 
58 
54 
65 
63 
68 
65 
54 
47 
59 
46 
65 
54 
71 
59 
46 
58 
58 
51 
63 
68 
68 
54 
63 
63 
63 
65 
58 
61 
63 
51 
65 
54 
63 
65 
65 
54 
75 
65 
68 
54 
70 
73 
68 
65 
65 
54 
63 
51 
65 
54 
63 
65 
54 
64 
75 
49 
71 
73 
59 
49 
70 
49 
58 
247 
 5 	 102 
 1532
54 
51 
51 
49 
54 
47 
49 
54 
59 
58 
56 
54 
51 
46 
47 
49 
49 
54 
51 
51 
49 
54 
47 
49 
54 
49 
47 
44 
46 
47 
49 
54 
49 
54 
47 
49 
51 
53 
54 
47 
49 
54 
54 
58 
51 
56 
49 
54 
47 
44 
46 
49 
54 
47 
44 
46 
50 
50 
51 
51 
53 
53 
54 
51 
47 
59 
59 
58 
54 
51 
51 
49 
54 
47 
49 
54 
59 
58 
56 
54 
51 
46 
47 
49 
49 
54 
51 
51 
49 
54 
47 
49 
54 
49 
47 
44 
46 
47 
49 
54 
49 
54 
248 
 5 	 114 
 1532
69 
64 
66 
66 
69 
69 
69 
69 
68 
66 
66 
69 
69 
69 
67 
67 
64 
64 
64 
69 
64 
66 
66 
69 
69 
69 
69 
68 
66 
66 
69 
69 
69 
67 
67 
64 
64 
64 
64 
71 
71 
69 
64 
64 
66 
68 
70 
71 
71 
69 
69 
69 
69 
69 
69 
64 
69 
68 
71 
71 
69 
69 
69 
73 
73 
66 
66 
66 
71 
71 
64 
64 
64 
67 
64 
64 
64 
61 
62 
61 
62 
62 
64 
66 
66 
64 
64 
69 
69 
69 
73 
73 
66 
66 
66 
71 
71 
64 
64 
64 
67 
64 
64 
64 
61 
62 
61 
62 
62 
64 
66 
66 
64 
64 
249 
 5 	 118 
 1532
70 
68 
66 
63 
66 
68 
70 
63 
58 
60 
61 
63 
65 
61 
66 
63 
65 
66 
63 
66 
65 
58 
60 
61 
63 
65 
66 
68 
70 
69 
67 
69 
70 
63 
68 
65 
70 
68 
66 
63 
65 
66 
63 
68 
65 
70 
68 
68 
66 
65 
66 
65 
73 
73 
72 
70 
68 
66 
61 
63 
65 
66 
65 
61 
61 
58 
66 
65 
70 
69 
67 
69 
70 
65 
68 
63 
65 
66 
63 
58 
60 
61 
63 
65 
66 
63 
70 
68 
70 
65 
73 
68 
70 
71 
68 
63 
65 
66 
68 
70 
68 
66 
65 
63 
70 
68 
70 
71 
70 
68 
66 
68 
66 
66 
65 
63 
65 
63 
250 
 5 	 96 
 1532
65 
65 
69 
70 
72 
69 
70 
70 
73 
68 
70 
65 
68 
65 
65 
65 
65 
62 
63 
63 
65 
67 
68 
68 
68 
70 
72 
72 
70 
75 
68 
68 
68 
68 
68 
70 
70 
70 
71 
68 
70 
73 
72 
70 
72 
73 
70 
70 
70 
70 
67 
68 
67 
65 
67 
68 
66 
67 
68 
69 
70 
67 
68 
68 
68 
68 
67 
68 
68 
68 
73 
74 
74 
75 
77 
75 
68 
70 
68 
71 
70 
73 
73 
73 
70 
70 
72 
71 
70 
70 
69 
69 
70 
73 
72 
70 
251 
 5 	 114 
 1532
70 
72 
73 
75 
77 
77 
70 
72 
73 
72 
70 
72 
73 
73 
75 
75 
75 
77 
75 
68 
68 
68 
67 
65 
67 
68 
65 
65 
66 
66 
65 
67 
67 
67 
67 
67 
68 
69 
70 
70 
69 
69 
70 
65 
68 
68 
68 
68 
70 
67 
67 
67 
68 
70 
70 
69 
70 
65 
68 
65 
66 
66 
63 
63 
63 
63 
68 
68 
71 
68 
68 
67 
68 
75 
75 
72 
68 
73 
73 
73 
71 
70 
74 
75 
74 
75 
75 
77 
75 
73 
72 
70 
72 
70 
70 
70 
65 
73 
73 
73 
70 
73 
73 
73 
73 
72 
70 
75 
63 
65 
65 
65 
65 
65 
252 
 5 	 98 
 1532
78 
80 
83 
83 
83 
82 
82 
84 
84 
85 
86 
86 
87 
87 
75 
80 
80 
82 
81 
82 
77 
75 
75 
77 
78 
78 
78 
78 
77 
75 
77 
78 
82 
82 
82 
82 
85 
85 
83 
82 
80 
80 
80 
78 
80 
77 
80 
82 
82 
82 
83 
82 
82 
82 
75 
80 
79 
80 
77 
75 
78 
78 
78 
78 
79 
80 
80 
80 
82 
83 
83 
83 
84 
85 
78 
78 
78 
79 
80 
80 
82 
83 
78 
80 
78 
75 
75 
75 
77 
78 
78 
80 
78 
79 
79 
80 
82 
80 
253 
 5 	 133 
 1532
78 
80 
82 
83 
85 
83 
82 
80 
78 
77 
77 
79 
79 
79 
80 
77 
77 
77 
78 
78 
77 
75 
77 
77 
80 
82 
83 
83 
83 
82 
80 
80 
80 
81 
82 
84 
85 
87 
87 
86 
86 
87 
82 
85 
82 
80 
80 
82 
78 
80 
82 
83 
85 
82 
84 
85 
84 
85 
78 
80 
82 
83 
84 
80 
80 
79 
79 
79 
80 
77 
77 
78 
77 
85 
83 
82 
80 
78 
77 
75 
75 
82 
82 
83 
78 
78 
79 
80 
80 
82 
82 
80 
80 
79 
80 
80 
80 
80 
78 
77 
80 
82 
80 
80 
87 
89 
90 
89 
87 
85 
83 
82 
82 
79 
80 
80 
82 
83 
83 
82 
80 
77 
77 
78 
80 
80 
80 
85 
85 
82 
78 
83 
82 
254 
 5 	 55 
 1532
73 
72 
72 
72 
69 
77 
77 
74 
74 
75 
77 
73 
75 
75 
73 
75 
75 
80 
77 
79 
80 
75 
77 
74 
76 
77 
76 
77 
70 
68 
70 
72 
77 
75 
77 
77 
78 
79 
80 
80 
78 
78 
78 
77 
80 
81 
82 
79 
80 
73 
75 
73 
73 
73 
72 
255 
 5 	 99 
 1532
80 
80 
81 
82 
82 
84 
85 
80 
80 
80 
80 
79 
79 
81 
82 
79 
85 
89 
87 
85 
84 
82 
80 
79 
80 
80 
80 
82 
82 
83 
83 
82 
82 
75 
80 
82 
82 
81 
82 
86 
87 
82 
82 
84 
80 
85 
84 
80 
80 
80 
79 
80 
80 
77 
77 
78 
75 
75 
75 
74 
87 
87 
82 
84 
84 
84 
80 
81 
82 
82 
77 
77 
80 
78 
79 
77 
76 
75 
75 
75 
77 
77 
78 
80 
77 
77 
77 
74 
77 
77 
79 
80 
78 
78 
80 
79 
77 
79 
80 
256 
 5 	 131 
 1532
68 
65 
61 
66 
59 
63 
63 
68 
68 
65 
70 
70 
70 
67 
68 
61 
61 
68 
68 
65 
61 
61 
66 
68 
70 
72 
73 
70 
71 
64 
66 
66 
61 
61 
63 
63 
59 
63 
63 
56 
56 
61 
54 
66 
66 
65 
66 
63 
58 
60 
61 
63 
65 
66 
68 
61 
68 
61 
63 
63 
63 
58 
58 
58 
60 
60 
60 
65 
63 
61 
66 
70 
63 
68 
61 
65 
60 
61 
56 
61 
61 
58 
58 
65 
65 
68 
68 
61 
63 
59 
61 
54 
56 
61 
56 
68 
68 
70 
63 
71 
70 
68 
64 
66 
59 
61 
63 
63 
64 
64 
63 
61 
63 
56 
59 
63 
63 
61 
54 
66 
63 
61 
65 
58 
58 
58 
63 
56 
61 
63 
56 
257 
 5 	 107 
 1532
87 
82 
85 
80 
82 
83 
85 
87 
86 
87 
80 
80 
80 
80 
82 
82 
83 
82 
84 
84 
85 
82 
83 
85 
85 
83 
80 
82 
82 
85 
83 
82 
82 
79 
82 
84 
87 
87 
89 
85 
87 
87 
87 
87 
87 
87 
86 
87 
83 
83 
82 
80 
82 
80 
80 
77 
77 
77 
79 
80 
80 
82 
82 
85 
85 
84 
85 
82 
81 
82 
82 
85 
83 
83 
82 
75 
80 
80 
80 
92 
91 
87 
87 
87 
85 
83 
83 
82 
83 
87 
85 
85 
84 
85 
89 
90 
90 
89 
87 
86 
87 
87 
90 
89 
88 
87 
84 
258 
 5 	 102 
 1532
82 
82 
82 
84 
85 
80 
82 
80 
80 
82 
83 
83 
82 
80 
77 
82 
82 
82 
82 
80 
79 
80 
80 
82 
80 
79 
80 
82 
80 
83 
83 
84 
85 
82 
82 
79 
80 
82 
83 
83 
80 
80 
81 
81 
82 
82 
78 
77 
75 
75 
80 
82 
82 
77 
79 
80 
82 
82 
83 
82 
83 
83 
82 
80 
80 
80 
77 
75 
79 
80 
82 
80 
80 
77 
78 
76 
75 
73 
71 
73 
75 
75 
78 
78 
78 
76 
73 
73 
75 
76 
77 
76 
76 
78 
77 
78 
77 
77 
82 
75 
75 
72 
259 
 5 	 107 
 1532
75 
76 
75 
75 
77 
77 
77 
80 
80 
78 
78 
75 
76 
75 
72 
75 
72 
73 
73 
80 
77 
73 
78 
75 
71 
76 
73 
75 
75 
77 
70 
70 
70 
77 
78 
78 
80 
77 
78 
73 
74 
74 
75 
75 
75 
80 
80 
77 
77 
78 
78 
73 
75 
71 
71 
73 
74 
75 
77 
77 
75 
77 
78 
79 
80 
78 
77 
75 
77 
82 
75 
75 
75 
77 
78 
75 
77 
78 
77 
78 
71 
73 
75 
71 
73 
75 
75 
75 
75 
75 
75 
79 
79 
79 
80 
80 
77 
77 
77 
80 
82 
78 
78 
78 
80 
80 
79 
260 
 5 	 83 
 1532
75 
80 
82 
83 
83 
84 
85 
78 
79 
80 
80 
82 
82 
82 
81 
82 
87 
87 
87 
82 
85 
80 
85 
78 
83 
82 
78 
75 
75 
75 
75 
76 
75 
75 
75 
78 
77 
80 
80 
80 
82 
83 
83 
84 
85 
87 
87 
84 
80 
80 
78 
78 
77 
77 
81 
81 
82 
82 
82 
75 
80 
78 
76 
75 
75 
73 
74 
74 
74 
75 
77 
78 
80 
80 
82 
82 
80 
79 
80 
80 
77 
76 
75 
261 
 5 	 102 
 1532
80 
82 
82 
83 
84 
83 
82 
84 
85 
87 
83 
82 
80 
82 
82 
82 
84 
84 
85 
82 
82 
80 
78 
78 
79 
79 
80 
82 
80 
80 
79 
80 
82 
82 
84 
84 
84 
84 
84 
84 
86 
86 
87 
87 
84 
84 
82 
84 
80 
82 
80 
80 
79 
80 
81 
82 
82 
84 
85 
85 
86 
87 
89 
85 
85 
85 
78 
90 
90 
85 
84 
84 
82 
82 
84 
85 
90 
89 
89 
84 
86 
87 
87 
88 
89 
89 
85 
90 
90 
87 
92 
90 
89 
87 
85 
84 
82 
84 
85 
87 
89 
82 
262 
 5 	 110 
 1532
70 
72 
73 
73 
75 
75 
75 
72 
72 
73 
73 
72 
70 
69 
69 
70 
74 
75 
78 
76 
76 
80 
73 
73 
75 
75 
74 
73 
72 
70 
67 
65 
67 
67 
69 
70 
72 
73 
73 
75 
77 
80 
79 
80 
80 
82 
80 
78 
77 
78 
77 
78 
78 
77 
75 
77 
74 
75 
75 
78 
77 
78 
78 
77 
77 
78 
80 
82 
80 
79 
77 
79 
80 
77 
73 
66 
68 
75 
72 
72 
77 
73 
73 
78 
71 
71 
75 
68 
70 
70 
75 
79 
72 
72 
74 
75 
77 
78 
79 
80 
77 
82 
70 
73 
72 
73 
75 
71 
70 
75 
263 
 5 	 100 
 1532
68 
68 
69 
70 
70 
72 
73 
68 
68 
68 
68 
67 
67 
69 
70 
67 
73 
77 
75 
73 
72 
70 
68 
67 
68 
68 
68 
70 
70 
71 
71 
70 
70 
63 
68 
70 
70 
69 
70 
74 
75 
70 
70 
72 
68 
73 
72 
68 
68 
68 
67 
68 
68 
65 
65 
66 
63 
63 
63 
62 
75 
75 
70 
72 
72 
72 
68 
69 
70 
70 
65 
65 
68 
66 
67 
65 
64 
63 
63 
63 
65 
65 
66 
68 
65 
65 
65 
62 
65 
65 
67 
68 
66 
66 
66 
68 
67 
65 
67 
68 
264 
 5 	 131 
 1532
56 
53 
49 
54 
47 
51 
51 
56 
56 
53 
58 
58 
58 
55 
56 
49 
49 
56 
56 
53 
49 
49 
54 
56 
58 
60 
61 
58 
59 
52 
54 
54 
49 
49 
51 
51 
47 
51 
51 
44 
44 
49 
42 
54 
54 
53 
54 
51 
46 
48 
49 
51 
53 
54 
56 
49 
56 
49 
51 
51 
51 
46 
46 
46 
48 
48 
48 
53 
51 
49 
54 
58 
51 
56 
49 
53 
48 
49 
44 
49 
49 
46 
46 
53 
53 
56 
56 
49 
51 
47 
49 
42 
44 
49 
44 
56 
56 
58 
51 
59 
59 
56 
52 
54 
47 
49 
51 
51 
52 
52 
51 
49 
51 
44 
47 
51 
51 
49 
42 
54 
51 
49 
53 
46 
46 
46 
51 
44 
49 
51 
44 
265 
 5 	 107 
 1532
75 
70 
73 
68 
70 
71 
73 
75 
73 
75 
68 
68 
68 
68 
70 
70 
71 
70 
72 
72 
73 
70 
71 
73 
73 
71 
68 
70 
70 
73 
71 
70 
70 
67 
70 
72 
75 
75 
77 
73 
75 
75 
75 
75 
75 
75 
74 
75 
71 
71 
70 
68 
70 
68 
68 
65 
65 
65 
67 
68 
68 
70 
70 
73 
73 
72 
73 
70 
69 
70 
70 
73 
71 
71 
70 
63 
68 
68 
68 
80 
79 
75 
75 
75 
73 
71 
71 
70 
71 
75 
73 
73 
72 
73 
77 
78 
78 
77 
75 
74 
75 
75 
78 
77 
76 
75 
72 
266 
 5 	 92 
 1532
54 
49 
49 
54 
52 
47 
54 
56 
49 
58 
58 
58 
60 
60 
61 
54 
52 
54 
56 
51 
56 
54 
61 
59 
52 
56 
61 
54 
58 
51 
56 
54 
59 
56 
61 
56 
53 
53 
58 
54 
54 
49 
56 
56 
49 
54 
54 
58 
63 
61 
54 
58 
56 
51 
56 
58 
61 
56 
56 
56 
49 
51 
51 
49 
54 
49 
56 
58 
51 
56 
52 
51 
56 
54 
47 
47 
52 
54 
54 
51 
48 
53 
57 
58 
54 
56 
58 
51 
47 
49 
51 
44 
267 
 5 	 55 
 1532
49 
44 
44 
48 
50 
53 
53 
55 
55 
56 
49 
54 
47 
51 
52 
51 
56 
49 
53 
46 
51 
56 
56 
53 
53 
55 
48 
53 
57 
58 
51 
56 
49 
49 
54 
51 
56 
52 
59 
59 
54 
58 
56 
53 
58 
51 
56 
54 
47 
42 
46 
49 
48 
46 
44 
