948 
 13 	 559 
 1587
80 
84 
87 
87 
85 
82 
84 
85 
87 
82 
85 
85 
84 
80 
82 
84 
85 
82 
80 
80 
80 
85 
84 
84 
82 
84 
82 
80 
87 
82 
87 
85 
82 
84 
85 
87 
89 
87 
80 
84 
87 
87 
84 
84 
82 
80 
82 
84 
85 
84 
82 
80 
82 
80 
84 
87 
87 
85 
82 
84 
85 
87 
82 
80 
79 
80 
82 
80 
80 
79 
80 
82 
80 
80 
79 
80 
82 
80 
79 
77 
79 
75 
84 
82 
84 
85 
84 
84 
82 
84 
85 
84 
84 
82 
84 
85 
84 
82 
80 
82 
79 
80 
80 
85 
84 
85 
87 
85 
84 
82 
84 
80 
90 
89 
90 
92 
90 
89 
87 
89 
85 
85 
84 
85 
87 
85 
84 
82 
84 
80 
80 
79 
80 
80 
84 
87 
87 
85 
82 
84 
85 
87 
82 
84 
85 
80 
80 
84 
87 
87 
85 
82 
84 
85 
87 
82 
82 
81 
77 
79 
81 
82 
77 
82 
80 
87 
85 
84 
82 
85 
84 
80 
82 
84 
85 
80 
85 
87 
80 
82 
78 
80 
78 
77 
75 
77 
78 
73 
75 
77 
80 
79 
80 
79 
80 
75 
78 
82 
82 
80 
77 
78 
80 
82 
77 
80 
84 
87 
87 
85 
82 
84 
85 
87 
82 
84 
85 
80 
82 
84 
85 
80 
85 
87 
84 
85 
84 
82 
80 
82 
84 
80 
75 
80 
84 
84 
80 
82 
80 
80 
79 
75 
77 
77 
77 
77 
77 
79 
80 
84 
84 
84 
84 
84 
86 
87 
82 
75 
80 
84 
84 
80 
80 
79 
79 
80 
75 
75 
74 
75 
80 
82 
84 
85 
87 
82 
84 
85 
87 
89 
84 
85 
87 
87 
85 
82 
84 
85 
87 
82 
85 
84 
80 
82 
84 
85 
80 
84 
82 
79 
80 
82 
84 
79 
82 
80 
77 
78 
80 
82 
77 
80 
78 
75 
77 
78 
80 
75 
80 
84 
87 
87 
85 
82 
84 
85 
87 
82 
85 
89 
89 
87 
84 
87 
87 
82 
80 
84 
84 
85 
85 
85 
82 
85 
85 
80 
80 
84 
82 
85 
84 
85 
87 
85 
85 
84 
85 
87 
85 
84 
82 
84 
80 
80 
79 
80 
82 
80 
80 
79 
80 
82 
80 
79 
77 
79 
75 
77 
80 
80 
79 
80 
85 
85 
89 
87 
84 
85 
80 
85 
84 
85 
87 
85 
84 
82 
84 
80 
85 
84 
80 
82 
80 
87 
84 
85 
89 
87 
89 
90 
89 
87 
85 
87 
84 
85 
84 
85 
87 
85 
84 
82 
84 
80 
82 
80 
82 
84 
82 
80 
78 
80 
77 
78 
77 
78 
80 
78 
77 
75 
77 
73 
85 
84 
85 
87 
85 
84 
82 
84 
80 
84 
80 
85 
84 
82 
84 
85 
85 
80 
82 
84 
85 
82 
80 
80 
80 
85 
84 
84 
82 
84 
82 
80 
87 
82 
87 
85 
82 
84 
85 
87 
89 
87 
80 
84 
87 
87 
84 
84 
82 
80 
82 
84 
85 
84 
82 
80 
82 
80 
84 
87 
87 
85 
82 
84 
85 
87 
82 
80 
79 
80 
82 
80 
80 
79 
80 
82 
80 
80 
79 
80 
82 
80 
79 
77 
79 
75 
85 
84 
85 
87 
85 
84 
85 
87 
85 
84 
85 
87 
85 
84 
85 
85 
87 
85 
84 
82 
84 
85 
84 
82 
80 
79 
80 
82 
80 
79 
80 
949 
 13 	 286 
 1587
65 
66 
68 
61 
53 
54 
56 
49 
65 
63 
61 
60 
61 
58 
60 
61 
60 
61 
63 
56 
60 
61 
63 
56 
60 
58 
56 
55 
56 
53 
55 
56 
66 
68 
70 
63 
54 
56 
58 
51 
66 
65 
63 
62 
63 
60 
62 
63 
61 
63 
65 
58 
61 
63 
65 
58 
61 
60 
58 
57 
58 
55 
57 
58 
61 
60 
58 
56 
61 
54 
56 
61 
63 
61 
60 
58 
54 
56 
58 
63 
63 
61 
60 
58 
54 
56 
58 
63 
61 
61 
54 
49 
51 
51 
56 
51 
53 
53 
58 
53 
61 
61 
54 
61 
61 
60 
61 
58 
59 
56 
54 
61 
60 
58 
56 
53 
54 
56 
61 
61 
61 
61 
56 
58 
56 
56 
56 
56 
61 
61 
61 
61 
54 
61 
61 
63 
65 
61 
63 
65 
66 
61 
68 
66 
61 
56 
58 
60 
56 
58 
60 
61 
56 
63 
61 
58 
56 
61 
59 
56 
54 
58 
56 
53 
51 
63 
61 
58 
56 
68 
66 
63 
61 
63 
65 
66 
63 
65 
66 
68 
68 
66 
63 
61 
61 
59 
56 
54 
61 
56 
61 
61 
63 
65 
58 
54 
56 
61 
63 
65 
66 
68 
70 
63 
56 
58 
63 
54 
56 
58 
60 
61 
58 
60 
61 
63 
65 
66 
65 
61 
63 
65 
66 
61 
63 
61 
61 
56 
58 
56 
73 
70 
72 
68 
70 
66 
68 
66 
65 
66 
65 
63 
61 
63 
61 
65 
66 
68 
61 
53 
54 
56 
49 
65 
63 
61 
60 
61 
58 
60 
61 
60 
61 
63 
56 
60 
61 
63 
56 
60 
58 
56 
55 
56 
53 
55 
56 
61 
56 
61 
56 
61 
61 
56 
56 
61 
950 
 13 	 401 
 1587
49 
49 
49 
53 
54 
56 
48 
49 
51 
44 
56 
58 
56 
61 
60 
58 
56 
58 
60 
61 
58 
60 
56 
58 
60 
61 
49 
54 
51 
49 
44 
49 
46 
44 
44 
44 
46 
48 
49 
41 
42 
44 
37 
49 
51 
53 
51 
53 
55 
51 
53 
55 
56 
53 
55 
56 
55 
56 
44 
46 
48 
44 
46 
48 
49 
46 
48 
49 
44 
49 
49 
49 
49 
49 
53 
54 
56 
48 
49 
51 
44 
56 
51 
44 
56 
51 
44 
48 
49 
51 
44 
56 
55 
56 
53 
54 
56 
49 
49 
44 
37 
49 
49 
49 
44 
44 
49 
49 
49 
49 
56 
44 
49 
44 
44 
44 
46 
48 
49 
41 
42 
44 
37 
49 
51 
53 
41 
42 
44 
49 
49 
37 
49 
46 
44 
46 
42 
46 
54 
53 
51 
54 
56 
49 
49 
54 
53 
51 
56 
54 
53 
58 
56 
54 
51 
56 
44 
49 
48 
46 
51 
49 
48 
53 
51 
49 
51 
53 
54 
56 
58 
56 
56 
49 
48 
46 
46 
44 
44 
49 
49 
49 
49 
54 
54 
54 
53 
51 
56 
54 
53 
51 
49 
56 
49 
49 
49 
48 
49 
51 
44 
44 
44 
43 
44 
51 
51 
50 
51 
51 
53 
46 
46 
46 
45 
46 
49 
51 
53 
51 
49 
49 
49 
49 
53 
53 
53 
46 
46 
46 
51 
51 
51 
44 
44 
44 
49 
49 
49 
42 
42 
42 
46 
46 
46 
39 
39 
39 
44 
44 
44 
37 
37 
37 
58 
55 
56 
58 
60 
58 
56 
58 
60 
61 
60 
58 
51 
53 
54 
53 
51 
53 
53 
53 
46 
46 
46 
48 
49 
51 
49 
48 
46 
44 
49 
51 
53 
51 
49 
49 
49 
49 
54 
54 
54 
53 
53 
53 
51 
51 
51 
49 
49 
49 
54 
54 
54 
56 
44 
44 
56 
54 
53 
51 
49 
49 
51 
53 
54 
56 
49 
49 
44 
37 
53 
53 
53 
51 
50 
48 
50 
46 
48 
50 
51 
51 
51 
56 
54 
53 
51 
49 
51 
53 
54 
51 
56 
49 
58 
54 
51 
51 
49 
46 
44 
46 
48 
49 
51 
44 
46 
48 
49 
41 
49 
42 
39 
44 
49 
46 
46 
50 
51 
51 
51 
48 
46 
44 
43 
44 
46 
48 
49 
44 
49 
46 
46 
50 
51 
51 
51 
48 
46 
44 
43 
44 
46 
48 
49 
44 
49 
951 
 13 	 528 
 1587
80 
73 
80 
80 
78 
77 
75 
73 
72 
70 
68 
70 
72 
68 
68 
68 
68 
75 
73 
72 
70 
72 
68 
75 
73 
75 
68 
73 
72 
70 
75 
72 
75 
75 
72 
77 
75 
75 
80 
75 
80 
80 
78 
77 
75 
78 
77 
75 
73 
75 
77 
73 
73 
73 
73 
68 
73 
73 
72 
70 
68 
73 
72 
70 
68 
80 
75 
80 
80 
78 
77 
75 
80 
78 
77 
75 
75 
70 
75 
75 
73 
72 
70 
75 
73 
72 
70 
82 
77 
82 
82 
80 
78 
77 
82 
80 
78 
77 
75 
80 
78 
77 
75 
75 
73 
72 
80 
75 
77 
72 
80 
75 
77 
72 
73 
75 
77 
72 
73 
72 
73 
80 
78 
80 
82 
80 
75 
80 
80 
78 
80 
82 
80 
78 
77 
75 
73 
75 
77 
75 
75 
73 
72 
73 
75 
73 
72 
70 
68 
70 
72 
70 
68 
70 
72 
68 
67 
68 
70 
68 
68 
68 
77 
75 
77 
77 
75 
73 
72 
70 
72 
73 
72 
72 
73 
73 
73 
72 
73 
73 
75 
72 
73 
75 
68 
70 
72 
73 
75 
73 
70 
72 
73 
66 
68 
70 
72 
73 
70 
72 
73 
75 
77 
68 
65 
68 
61 
63 
65 
66 
68 
68 
65 
68 
61 
63 
65 
66 
68 
75 
72 
75 
68 
70 
72 
73 
75 
75 
72 
75 
68 
70 
72 
73 
75 
68 
70 
72 
73 
75 
73 
72 
70 
72 
73 
70 
72 
73 
68 
65 
66 
68 
61 
63 
65 
65 
66 
68 
61 
63 
65 
65 
66 
68 
75 
72 
73 
75 
68 
70 
72 
72 
73 
75 
68 
70 
72 
72 
73 
75 
70 
66 
68 
70 
63 
65 
66 
66 
68 
70 
63 
65 
66 
66 
68 
70 
77 
73 
75 
77 
70 
72 
73 
73 
75 
77 
70 
72 
73 
73 
75 
77 
68 
65 
66 
68 
61 
63 
65 
65 
66 
68 
73 
68 
73 
73 
72 
70 
68 
68 
66 
65 
63 
61 
63 
65 
61 
61 
61 
77 
75 
73 
72 
70 
72 
73 
70 
70 
70 
71 
70 
68 
66 
65 
66 
68 
65 
65 
65 
68 
70 
72 
73 
80 
82 
78 
80 
77 
78 
75 
77 
80 
82 
78 
80 
77 
78 
75 
77 
73 
80 
78 
77 
75 
77 
73 
80 
75 
80 
80 
78 
77 
75 
73 
72 
70 
72 
68 
68 
68 
68 
77 
80 
78 
77 
75 
77 
73 
77 
80 
79 
80 
73 
73 
73 
70 
66 
63 
63 
61 
61 
68 
65 
68 
61 
63 
65 
66 
68 
68 
65 
68 
61 
63 
65 
66 
68 
80 
73 
80 
80 
78 
77 
75 
73 
72 
70 
68 
70 
72 
68 
68 
68 
68 
75 
73 
72 
70 
72 
68 
75 
73 
75 
68 
73 
72 
70 
75 
72 
75 
75 
72 
77 
75 
75 
80 
75 
80 
80 
78 
77 
75 
78 
77 
75 
73 
75 
77 
73 
73 
73 
78 
77 
75 
73 
75 
77 
73 
73 
73 
73 
72 
70 
68 
70 
72 
68 
68 
68 
80 
78 
77 
75 
77 
78 
75 
75 
75 
78 
77 
75 
73 
75 
77 
73 
73 
73 
73 
952 
 13 	 595 
 1587
58 
58 
63 
61 
58 
60 
61 
63 
51 
54 
56 
58 
60 
65 
63 
61 
61 
63 
65 
58 
66 
65 
63 
61 
60 
61 
63 
65 
66 
65 
63 
58 
51 
51 
58 
58 
63 
61 
58 
58 
53 
53 
54 
56 
58 
60 
61 
63 
56 
54 
56 
53 
58 
51 
58 
58 
60 
61 
63 
65 
58 
60 
56 
58 
58 
58 
58 
63 
61 
58 
61 
60 
56 
59 
58 
54 
58 
60 
61 
63 
58 
56 
54 
56 
58 
58 
59 
58 
60 
61 
63 
51 
54 
56 
58 
54 
51 
50 
51 
53 
58 
60 
61 
58 
58 
58 
58 
60 
61 
63 
51 
54 
56 
58 
63 
62 
65 
60 
60 
61 
63 
65 
53 
56 
58 
60 
61 
63 
61 
60 
58 
60 
58 
54 
53 
51 
50 
51 
53 
54 
56 
58 
53 
58 
58 
58 
63 
61 
60 
58 
60 
61 
63 
51 
54 
56 
58 
56 
54 
56 
58 
60 
61 
63 
61 
60 
61 
60 
58 
61 
63 
65 
58 
56 
56 
58 
60 
61 
58 
60 
61 
63 
60 
61 
63 
65 
61 
63 
65 
66 
54 
58 
56 
53 
53 
54 
56 
61 
61 
61 
61 
61 
58 
56 
56 
56 
56 
56 
58 
56 
58 
60 
61 
60 
61 
65 
61 
63 
65 
63 
65 
61 
66 
61 
54 
66 
65 
63 
65 
61 
66 
63 
61 
49 
56 
63 
68 
66 
65 
61 
66 
65 
63 
61 
66 
65 
66 
65 
61 
61 
61 
61 
61 
61 
63 
56 
61 
61 
61 
61 
61 
61 
63 
65 
63 
61 
61 
61 
61 
63 
61 
60 
61 
63 
65 
58 
61 
49 
53 
54 
56 
55 
56 
53 
53 
51 
49 
56 
56 
63 
56 
58 
60 
61 
63 
62 
63 
51 
53 
58 
60 
61 
58 
56 
53 
51 
56 
61 
60 
61 
61 
56 
56 
61 
61 
56 
56 
56 
56 
51 
51 
58 
51 
56 
53 
56 
51 
56 
61 
63 
61 
61 
56 
56 
56 
54 
56 
49 
49 
56 
56 
58 
60 
62 
63 
58 
58 
56 
54 
53 
51 
54 
53 
51 
58 
54 
53 
54 
56 
58 
61 
63 
65 
58 
65 
58 
56 
58 
60 
61 
60 
61 
58 
60 
58 
57 
58 
58 
60 
61 
63 
62 
63 
58 
60 
61 
63 
65 
58 
58 
58 
58 
60 
62 
63 
58 
58 
60 
62 
63 
58 
58 
56 
54 
53 
51 
58 
56 
54 
53 
51 
53 
55 
57 
58 
60 
65 
65 
61 
65 
53 
53 
58 
58 
51 
51 
63 
62 
63 
65 
58 
56 
54 
53 
51 
50 
51 
53 
58 
58 
54 
61 
63 
58 
51 
56 
58 
61 
61 
60 
58 
58 
57 
58 
58 
60 
62 
63 
58 
58 
56 
54 
53 
51 
58 
58 
58 
60 
56 
58 
60 
56 
55 
58 
58 
58 
58 
63 
63 
63 
63 
60 
60 
60 
60 
58 
58 
58 
58 
58 
58 
58 
58 
58 
58 
58 
58 
58 
58 
58 
58 
58 
58 
58 
58 
60 
60 
60 
60 
58 
58 
58 
58 
58 
58 
58 
58 
58 
58 
58 
58 
58 
58 
58 
58 
58 
58 
58 
58 
58 
58 
58 
58 
58 
58 
58 
58 
58 
58 
58 
58 
63 
63 
63 
63 
60 
60 
60 
60 
58 
58 
58 
58 
58 
58 
58 
58 
58 
58 
58 
58 
58 
58 
58 
58 
58 
58 
58 
58 
60 
60 
60 
60 
58 
58 
58 
58 
58 
58 
58 
58 
58 
58 
58 
58 
58 
63 
63 
58 
58 
53 
54 
56 
58 
58 
953 
 13 	 109 
 1587
53 
54 
53 
51 
53 
54 
56 
54 
53 
54 
56 
51 
53 
55 
56 
54 
56 
58 
57 
55 
57 
58 
53 
58 
57 
58 
54 
56 
58 
60 
56 
56 
58 
60 
61 
60 
58 
60 
61 
58 
60 
61 
58 
63 
65 
63 
61 
63 
58 
57 
58 
56 
55 
56 
55 
53 
55 
56 
58 
56 
58 
56 
58 
56 
54 
53 
51 
53 
55 
57 
58 
57 
58 
60 
61 
63 
65 
58 
63 
61 
60 
58 
57 
58 
58 
56 
56 
58 
60 
56 
54 
53 
58 
56 
54 
58 
60 
56 
58 
54 
56 
58 
57 
58 
53 
51 
53 
55 
57 
954 
 13 	 120 
 1587
77 
75 
73 
72 
73 
66 
68 
70 
72 
73 
77 
73 
75 
77 
77 
72 
73 
75 
73 
72 
70 
72 
73 
72 
70 
68 
73 
70 
70 
66 
70 
70 
70 
75 
73 
70 
75 
72 
68 
77 
73 
70 
77 
75 
73 
72 
70 
65 
68 
66 
65 
63 
61 
63 
68 
68 
66 
65 
61 
73 
77 
73 
73 
75 
77 
72 
72 
73 
75 
72 
72 
73 
75 
70 
70 
72 
73 
68 
68 
68 
61 
73 
70 
75 
72 
73 
75 
63 
65 
66 
68 
70 
63 
65 
66 
68 
70 
68 
66 
65 
63 
61 
60 
68 
66 
65 
63 
61 
66 
65 
63 
61 
63 
65 
66 
68 
70 
72 
73 
75 
955 
 13 	 176 
 1587
58 
58 
53 
49 
56 
58 
53 
46 
46 
46 
44 
49 
48 
46 
48 
46 
51 
51 
49 
54 
53 
51 
53 
51 
46 
49 
44 
44 
46 
47 
46 
51 
46 
51 
58 
54 
51 
46 
53 
58 
58 
53 
46 
53 
58 
58 
53 
46 
44 
49 
49 
56 
49 
49 
51 
51 
58 
51 
46 
51 
51 
58 
51 
51 
58 
53 
46 
46 
41 
46 
46 
49 
51 
49 
56 
58 
54 
53 
58 
56 
54 
53 
51 
46 
48 
51 
46 
49 
51 
53 
54 
56 
53 
54 
56 
49 
49 
53 
51 
44 
51 
54 
53 
46 
46 
49 
44 
49 
56 
49 
49 
49 
48 
49 
49 
56 
55 
56 
56 
56 
55 
56 
49 
54 
56 
49 
58 
56 
49 
54 
51 
53 
54 
51 
56 
58 
51 
53 
46 
49 
46 
48 
44 
46 
44 
42 
41 
46 
51 
53 
46 
49 
56 
49 
49 
54 
53 
53 
58 
58 
58 
53 
46 
46 
41 
46 
46 
46 
53 
49 
48 
46 
45 
46 
41 
46 
