7516 
 37 	 289 
 1803
62 
58 
67 
67 
65 
63 
62 
62 
60 
58 
63 
62 
60 
63 
55 
67 
63 
72 
72 
65 
62 
58 
67 
67 
61 
65 
59 
58 
60 
62 
67 
65 
70 
62 
67 
60 
65 
58 
60 
62 
60 
57 
58 
60 
62 
63 
62 
63 
65 
67 
72 
74 
72 
70 
69 
70 
69 
70 
72 
67 
65 
67 
71 
70 
65 
68 
67 
68 
70 
58 
62 
65 
58 
60 
62 
63 
62 
67 
64 
65 
67 
72 
63 
65 
68 
65 
58 
62 
58 
58 
60 
80 
79 
77 
75 
74 
79 
77 
75 
74 
75 
77 
79 
80 
80 
79 
77 
75 
74 
75 
77 
79 
80 
79 
75 
84 
84 
82 
80 
79 
79 
77 
75 
80 
79 
80 
75 
72 
75 
80 
82 
84 
85 
84 
87 
82 
80 
79 
82 
72 
77 
79 
80 
79 
77 
75 
70 
79 
80 
87 
82 
84 
82 
84 
79 
84 
79 
77 
72 
89 
82 
89 
84 
86 
84 
82 
84 
82 
67 
63 
72 
72 
70 
68 
67 
67 
65 
63 
68 
67 
65 
70 
62 
67 
60 
65 
58 
60 
62 
60 
57 
58 
58 
65 
63 
60 
62 
60 
62 
62 
67 
75 
74 
72 
70 
69 
74 
72 
70 
69 
70 
72 
74 
75 
75 
74 
72 
70 
69 
70 
72 
74 
75 
74 
70 
79 
79 
77 
75 
74 
74 
72 
70 
68 
67 
67 
72 
72 
70 
72 
67 
67 
65 
67 
65 
62 
70 
70 
72 
67 
65 
65 
67 
62 
67 
65 
67 
67 
62 
67 
63 
58 
72 
67 
65 
67 
62 
65 
63 
62 
58 
59 
63 
62 
58 
58 
62 
63 
62 
67 
62 
63 
62 
67 
67 
68 
65 
62 
63 
7517 
 37 	 334 
 1803
88 
83 
88 
83 
85 
83 
85 
83 
85 
87 
88 
83 
88 
83 
85 
83 
85 
83 
85 
87 
88 
83 
88 
83 
85 
83 
85 
83 
85 
87 
88 
80 
80 
81 
80 
81 
81 
85 
80 
81 
80 
80 
80 
81 
80 
76 
78 
81 
80 
78 
76 
71 
71 
69 
68 
69 
68 
69 
73 
71 
69 
68 
68 
71 
69 
68 
66 
66 
69 
68 
66 
64 
68 
64 
68 
66 
66 
66 
64 
63 
64 
67 
64 
67 
65 
65 
65 
64 
63 
64 
76 
78 
76 
71 
69 
78 
76 
71 
69 
68 
71 
69 
68 
71 
69 
78 
76 
78 
76 
64 
66 
68 
69 
71 
73 
75 
76 
78 
80 
81 
80 
81 
80 
78 
76 
78 
80 
81 
83 
81 
80 
78 
75 
80 
81 
80 
85 
78 
80 
81 
80 
80 
76 
83 
76 
80 
81 
76 
81 
76 
78 
76 
78 
80 
78 
80 
81 
76 
81 
76 
78 
76 
78 
80 
78 
80 
81 
74 
76 
73 
83 
78 
83 
78 
80 
78 
80 
76 
80 
82 
83 
78 
83 
78 
80 
78 
80 
76 
80 
82 
83 
82 
83 
78 
82 
84 
76 
84 
85 
78 
82 
84 
76 
80 
76 
80 
76 
80 
81 
80 
82 
84 
80 
80 
76 
80 
76 
80 
81 
80 
82 
84 
80 
80 
80 
80 
81 
81 
81 
81 
88 
83 
88 
83 
85 
83 
85 
83 
85 
87 
88 
83 
88 
83 
85 
83 
85 
83 
85 
87 
88 
83 
88 
83 
85 
83 
85 
83 
85 
87 
88 
83 
88 
83 
85 
83 
85 
83 
85 
87 
88 
80 
80 
81 
80 
81 
81 
85 
80 
81 
80 
80 
80 
81 
80 
76 
78 
81 
80 
78 
76 
83 
83 
80 
81 
80 
81 
80 
81 
85 
80 
81 
80 
71 
80 
80 
81 
80 
78 
71 
78 
81 
80 
78 
76 
80 
76 
80 
78 
78 
78 
76 
75 
76 
79 
76 
79 
69 
77 
77 
76 
75 
76 
88 
7518 
 37 	 507 
 1803
61 
65 
68 
66 
65 
63 
61 
60 
58 
56 
54 
53 
51 
49 
48 
51 
49 
65 
68 
66 
65 
63 
61 
60 
58 
56 
54 
53 
51 
49 
48 
51 
49 
65 
68 
66 
65 
63 
61 
60 
58 
56 
54 
53 
51 
49 
48 
51 
49 
65 
68 
66 
65 
63 
61 
60 
58 
56 
54 
53 
51 
49 
48 
51 
49 
46 
49 
48 
46 
44 
42 
41 
39 
41 
42 
43 
44 
46 
48 
45 
46 
48 
49 
46 
48 
46 
44 
43 
41 
43 
44 
45 
46 
48 
49 
46 
48 
46 
44 
48 
51 
54 
56 
60 
61 
65 
68 
66 
65 
63 
61 
60 
58 
56 
54 
53 
51 
49 
48 
51 
49 
65 
68 
66 
65 
63 
61 
60 
58 
56 
54 
53 
51 
49 
48 
51 
49 
65 
68 
66 
65 
63 
61 
60 
58 
56 
54 
53 
51 
49 
48 
51 
49 
65 
68 
66 
65 
63 
61 
60 
58 
56 
54 
53 
51 
49 
48 
51 
49 
46 
49 
48 
46 
44 
42 
41 
39 
41 
42 
43 
44 
46 
47 
44 
42 
46 
49 
47 
46 
44 
42 
41 
39 
41 
42 
43 
44 
46 
47 
44 
46 
44 
42 
46 
47 
49 
51 
53 
54 
56 
58 
55 
56 
58 
59 
61 
63 
51 
53 
54 
55 
51 
53 
55 
56 
58 
59 
58 
56 
54 
52 
51 
50 
51 
53 
50 
51 
56 
48 
51 
49 
48 
46 
49 
48 
46 
45 
48 
46 
49 
53 
51 
49 
48 
46 
44 
43 
55 
58 
56 
55 
53 
51 
49 
48 
60 
65 
61 
60 
58 
56 
55 
53 
51 
49 
48 
46 
44 
43 
46 
44 
60 
63 
61 
60 
58 
56 
55 
53 
51 
49 
48 
46 
44 
43 
46 
44 
46 
48 
49 
51 
51 
53 
55 
56 
58 
60 
61 
63 
63 
65 
67 
68 
60 
63 
61 
60 
58 
56 
55 
53 
51 
49 
48 
46 
44 
43 
46 
44 
60 
63 
61 
60 
58 
56 
55 
53 
51 
49 
48 
46 
44 
43 
46 
44 
60 
63 
61 
60 
58 
56 
55 
53 
51 
49 
48 
46 
44 
43 
46 
44 
60 
63 
61 
68 
58 
56 
55 
53 
51 
53 
48 
46 
44 
43 
46 
53 
53 
56 
55 
53 
51 
49 
48 
46 
48 
49 
53 
51 
53 
54 
51 
49 
53 
56 
54 
53 
51 
49 
48 
46 
48 
49 
50 
51 
53 
54 
51 
53 
51 
49 
53 
54 
56 
58 
60 
61 
63 
66 
62 
63 
65 
66 
68 
70 
58 
60 
61 
62 
58 
60 
62 
63 
65 
66 
63 
61 
60 
58 
56 
55 
56 
58 
55 
56 
61 
53 
56 
54 
53 
51 
54 
53 
51 
50 
53 
51 
54 
58 
56 
54 
53 
51 
49 
48 
60 
63 
61 
60 
58 
56 
54 
53 
65 
68 
66 
65 
63 
61 
60 
58 
56 
54 
53 
51 
49 
48 
51 
49 
51 
53 
54 
56 
56 
58 
60 
61 
63 
65 
66 
68 
57 
54 
52 
63 
56 
49 
7519 
 37 	 277 
 1803
52 
57 
61 
88 
84 
87 
66 
77 
70 
77 
70 
77 
70 
75 
86 
84 
82 
69 
79 
65 
75 
74 
72 
58 
69 
67 
53 
51 
50 
48 
46 
45 
43 
41 
39 
38 
36 
34 
58 
58 
53 
67 
67 
66 
67 
67 
53 
57 
57 
82 
74 
77 
81 
70 
70 
70 
75 
79 
77 
75 
70 
67 
77 
72 
72 
81 
75 
46 
46 
46 
51 
51 
51 
50 
50 
50 
58 
70 
58 
51 
51 
51 
51 
51 
51 
53 
53 
53 
57 
57 
57 
70 
50 
53 
58 
86 
65 
62 
62 
86 
82 
81 
58 
78 
79 
60 
57 
75 
58 
50 
53 
58 
86 
65 
62 
62 
86 
82 
67 
67 
67 
67 
70 
77 
75 
74 
81 
58 
60 
79 
53 
63 
63 
53 
72 
76 
46 
82 
81 
75 
63 
63 
53 
72 
57 
53 
72 
76 
70 
53 
58 
74 
65 
58 
74 
79 
82 
82 
69 
79 
65 
65 
82 
86 
89 
82 
86 
91 
94 
94 
93 
91 
89 
68 
67 
54 
53 
51 
84 
63 
65 
77 
77 
57 
81 
81 
53 
77 
77 
53 
77 
77 
68 
80 
80 
63 
75 
75 
65 
77 
77 
65 
77 
77 
54 
87 
87 
67 
82 
82 
58 
77 
77 
86 
74 
86 
74 
86 
74 
86 
75 
84 
75 
84 
75 
84 
70 
82 
65 
74 
86 
86 
82 
82 
82 
82 
63 
63 
63 
63 
63 
72 
72 
57 
57 
75 
75 
65 
70 
63 
77 
61 
74 
63 
61 
83 
82 
82 
82 
77 
84 
86 
86 
70 
81 
70 
81 
70 
81 
70 
81 
70 
67 
65 
86 
65 
86 
