8597 
 48 	 134 
 1837
71 
71 
61 
75 
54 
71 
64 
63 
71 
56 
78 
49 
75 
63 
63 
61 
54 
71 
71 
54 
71 
56 
68 
58 
64 
56 
67 
56 
67 
68 
56 
61 
68 
61 
65 
65 
62 
62 
51 
62 
51 
51 
48 
72 
61 
56 
49 
56 
57 
55 
57 
62 
57 
67 
50 
45 
42 
40 
67 
57 
67 
69 
64 
69 
67 
47 
44 
57 
81 
78 
57 
80 
57 
56 
69 
56 
61 
52 
52 
54 
52 
51 
58 
68 
67 
68 
49 
58 
68 
49 
68 
58 
68 
54 
68 
61 
69 
61 
68 
57 
58 
75 
75 
70 
63 
78 
76 
72 
68 
63 
67 
68 
54 
52 
77 
58 
74 
72 
80 
78 
68 
56 
71 
71 
73 
73 
71 
75 
76 
70 
68 
63 
64 
58 
8598 
 48 	 302 
 1837
66 
54 
61 
70 
59 
65 
58 
66 
53 
56 
61 
73 
68 
54 
66 
65 
71 
56 
66 
54 
59 
51 
68 
71 
61 
66 
68 
65 
58 
66 
54 
61 
70 
53 
56 
68 
51 
66 
58 
56 
53 
73 
61 
68 
56 
49 
65 
73 
54 
58 
63 
75 
56 
66 
73 
49 
65 
61 
59 
68 
73 
78 
66 
58 
73 
56 
65 
70 
54 
61 
53 
68 
70 
54 
51 
66 
71 
53 
68 
54 
66 
70 
49 
68 
56 
61 
73 
59 
68 
66 
78 
58 
73 
71 
56 
65 
70 
54 
66 
68 
59 
63 
66 
56 
71 
68 
70 
61 
66 
49 
59 
68 
65 
54 
58 
66 
63 
39 
63 
51 
58 
66 
56 
65 
63 
56 
38 
58 
70 
50 
65 
39 
51 
66 
63 
44 
59 
68 
70 
66 
66 
68 
63 
66 
66 
63 
58 
62 
65 
63 
39 
51 
66 
58 
65 
56 
44 
63 
54 
37 
37 
70 
65 
65 
70 
61 
65 
51 
72 
66 
69 
53 
65 
63 
70 
53 
46 
62 
70 
58 
70 
65 
58 
56 
75 
63 
54 
70 
62 
68 
51 
63 
66 
50 
65 
51 
66 
63 
48 
63 
70 
50 
68 
65 
51 
63 
66 
46 
65 
62 
58 
56 
65 
70 
46 
55 
63 
75 
70 
70 
58 
68 
63 
67 
58 
70 
65 
46 
55 
75 
63 
70 
58 
62 
68 
63 
67 
65 
60 
63 
53 
68 
65 
67 
58 
63 
46 
62 
65 
55 
63 
51 
58 
51 
39 
63 
55 
58 
64 
59 
56 
38 
50 
64 
59 
56 
59 
56 
65 
37 
49 
73 
78 
73 
61 
71 
66 
70 
61 
49 
59 
68 
66 
58 
54 
49 
47 
37 
56 
65 
54 
66 
46 
54 
58 
56 
54 
42 
49 
58 
61 
66 
8599 
 48 	 726 
 1837
68 
70 
72 
73 
68 
75 
72 
63 
75 
77 
49 
56 
61 
68 
73 
77 
77 
75 
75 
51 
56 
72 
68 
70 
68 
72 
70 
73 
75 
68 
63 
75 
68 
77 
49 
56 
73 
61 
68 
77 
73 
68 
73 
67 
77 
70 
75 
60 
75 
68 
72 
75 
75 
63 
75 
68 
65 
67 
73 
70 
72 
68 
67 
70 
65 
72 
68 
70 
67 
63 
77 
65 
60 
75 
73 
67 
58 
72 
56 
68 
55 
70 
68 
53 
70 
67 
51 
49 
72 
63 
68 
46 
70 
73 
44 
72 
75 
42 
72 
41 
68 
37 
49 
70 
65 
39 
51 
72 
68 
73 
70 
67 
39 
61 
51 
68 
68 
44 
51 
67 
68 
70 
65 
72 
68 
55 
56 
58 
60 
56 
62 
60 
65 
65 
61 
61 
68 
70 
61 
64 
68 
60 
65 
68 
67 
56 
64 
65 
60 
56 
67 
65 
68 
53 
70 
51 
55 
72 
57 
72 
60 
74 
68 
53 
65 
74 
68 
55 
59 
67 
65 
72 
60 
67 
72 
63 
60 
62 
63 
65 
67 
72 
65 
74 
75 
72 
74 
77 
79 
60 
75 
58 
56 
79 
75 
70 
55 
53 
80 
72 
74 
70 
80 
58 
79 
51 
74 
70 
72 
56 
68 
50 
77 
68 
77 
72 
55 
67 
71 
75 
48 
67 
72 
70 
53 
67 
70 
65 
69 
46 
74 
65 
70 
58 
60 
62 
58 
63 
60 
62 
65 
70 
72 
70 
74 
72 
75 
62 
58 
77 
60 
63 
62 
65 
63 
67 
70 
74 
68 
75 
72 
74 
77 
79 
75 
80 
62 
77 
67 
63 
65 
68 
67 
70 
68 
74 
72 
79 
75 
80 
77 
79 
82 
58 
62 
80 
82 
79 
77 
80 
79 
75 
77 
74 
75 
72 
74 
70 
53 
68 
70 
75 
67 
70 
77 
75 
74 
75 
77 
60 
68 
62 
79 
70 
80 
79 
63 
70 
75 
79 
70 
49 
61 
70 
77 
68 
60 
75 
67 
47 
77 
68 
59 
46 
75 
58 
70 
68 
65 
75 
67 
39 
63 
51 
49 
48 
49 
48 
46 
51 
61 
46 
44 
61 
46 
44 
59 
43 
58 
46 
75 
67 
51 
50 
51 
53 
55 
56 
55 
58 
63 
62 
63 
62 
56 
65 
67 
68 
55 
58 
75 
74 
67 
75 
77 
68 
62 
79 
70 
80 
79 
63 
75 
75 
75 
73 
80 
72 
80 
80 
72 
79 
65 
73 
77 
77 
73 
73 
63 
72 
61 
79 
79 
79 
77 
62 
71 
63 
75 
72 
69 
77 
73 
70 
75 
67 
72 
68 
73 
65 
61 
70 
67 
58 
68 
60 
44 
56 
58 
60 
61 
63 
63 
68 
65 
65 
70 
72 
65 
73 
75 
68 
72 
72 
75 
68 
73 
58 
73 
77 
77 
68 
61 
75 
63 
56 
72 
68 
60 
63 
65 
73 
65 
67 
65 
72 
63 
72 
68 
67 
70 
68 
70 
72 
68 
63 
63 
70 
63 
61 
60 
68 
75 
73 
72 
66 
70 
69 
65 
63 
72 
61 
77 
75 
60 
73 
70 
68 
72 
70 
68 
67 
63 
61 
70 
75 
60 
73 
58 
56 
68 
55 
75 
53 
80 
79 
51 
73 
49 
48 
80 
46 
85 
44 
75 
73 
82 
43 
80 
72 
51 
70 
79 
70 
39 
44 
75 
72 
79 
73 
70 
75 
72 
82 
77 
73 
84 
75 
75 
85 
84 
75 
51 
77 
51 
75 
84 
79 
82 
73 
77 
75 
72 
82 
51 
73 
77 
80 
72 
79 
70 
56 
72 
58 
60 
61 
72 
63 
44 
79 
75 
70 
80 
72 
73 
65 
65 
82 
75 
66 
85 
65 
84 
80 
75 
63 
72 
63 
84 
82 
73 
77 
63 
75 
72 
63 
73 
77 
80 
75 
72 
63 
79 
70 
75 
80 
75 
72 
44 
70 
73 
72 
68 
73 
70 
51 
68 
72 
67 
70 
51 
63 
68 
51 
70 
63 
61 
51 
68 
60 
70 
51 
63 
60 
68 
63 
67 
63 
68 
60 
63 
61 
58 
56 
60 
63 
61 
56 
60 
55 
58 
44 
56 
58 
56 
60 
58 
61 
56 
63 
60 
63 
59 
65 
55 
59 
65 
59 
65 
63 
56 
63 
60 
56 
58 
56 
60 
58 
61 
63 
56 
63 
59 
64 
56 
64 
64 
63 
54 
63 
60 
52 
56 
61 
52 
52 
60 
51 
56 
49 
52 
58 
52 
52 
56 
51 
8600 
 48 	 141 
 1837
70 
61 
77 
63 
65 
66 
70 
65 
75 
63 
73 
70 
70 
61 
57 
77 
58 
74 
58 
54 
70 
65 
70 
75 
63 
73 
63 
70 
70 
72 
72 
72 
72 
58 
58 
58 
58 
75 
58 
63 
70 
70 
60 
70 
72 
65 
72 
72 
72 
73 
65 
65 
63 
72 
70 
65 
63 
70 
61 
63 
65 
66 
68 
66 
65 
66 
63 
65 
61 
63 
58 
61 
85 
84 
81 
80 
83 
82 
79 
78 
77 
85 
89 
75 
73 
70 
72 
72 
70 
72 
72 
70 
72 
70 
70 
75 
73 
61 
72 
73 
70 
70 
65 
73 
75 
80 
78 
73 
77 
77 
79 
75 
82 
84 
81 
73 
77 
75 
84 
82 
77 
84 
77 
77 
83 
82 
75 
74 
75 
75 
70 
72 
77 
77 
70 
72 
77 
77 
70 
72 
77 
8601 
 48 	 339 
 1837
48 
60 
53 
53 
52 
50 
48 
53 
48 
60 
60 
65 
48 
65 
65 
67 
41 
67 
67 
60 
60 
59 
57 
67 
60 
67 
48 
64 
65 
70 
53 
52 
50 
52 
82 
53 
65 
53 
60 
76 
67 
72 
72 
70 
53 
51 
70 
48 
73 
44 
70 
79 
48 
67 
41 
60 
67 
65 
68 
67 
65 
65 
64 
65 
74 
53 
77 
48 
76 
67 
72 
68 
51 
44 
53 
70 
44 
70 
68 
48 
79 
48 
76 
53 
60 
68 
68 
67 
65 
63 
60 
56 
63 
55 
53 
51 
60 
63 
63 
70 
68 
67 
60 
72 
70 
65 
60 
67 
63 
65 
67 
68 
68 
63 
65 
67 
69 
70 
70 
65 
48 
72 
48 
71 
69 
67 
48 
60 
60 
59 
57 
55 
60 
67 
65 
74 
72 
71 
63 
75 
65 
67 
63 
62 
63 
61 
59 
63 
61 
59 
59 
73 
53 
65 
67 
69 
70 
60 
69 
67 
65 
64 
60 
65 
70 
65 
63 
65 
63 
72 
60 
69 
67 
40 
52 
73 
72 
70 
69 
64 
43 
55 
73 
72 
70 
69 
64 
48 
60 
73 
72 
70 
69 
70 
69 
70 
67 
73 
72 
73 
70 
76 
75 
76 
73 
79 
78 
79 
76 
85 
84 
82 
80 
79 
77 
76 
73 
72 
70 
68 
67 
65 
63 
61 
60 
68 
76 
60 
72 
72 
55 
53 
52 
53 
51 
49 
48 
70 
68 
48 
68 
70 
79 
48 
67 
53 
51 
49 
48 
49 
79 
50 
51 
52 
53 
76 
77 
57 
73 
82 
60 
56 
70 
62 
64 
65 
53 
65 
48 
76 
74 
72 
68 
51 
44 
49 
70 
49 
70 
68 
70 
79 
60 
67 
65 
65 
63 
63 
53 
67 
60 
60 
50 
50 
67 
67 
54 
52 
50 
67 
50 
48 
67 
60 
60 
59 
57 
67 
60 
48 
53 
63 
61 
48 
73 
70 
70 
53 
52 
53 
68 
48 
53 
48 
53 
53 
52 
50 
48 
53 
55 
56 
68 
53 
48 
60 
48 
48 
48 
8602 
 48 	 216 
 1837
78 
80 
82 
61 
70 
73 
75 
73 
66 
61 
78 
75 
73 
75 
78 
80 
65 
73 
78 
63 
80 
65 
66 
82 
70 
61 
73 
73 
82 
80 
78 
66 
63 
75 
68 
61 
78 
70 
61 
54 
66 
70 
61 
73 
73 
59 
75 
73 
73 
58 
61 
70 
61 
68 
49 
53 
51 
66 
68 
53 
51 
66 
68 
53 
70 
49 
54 
58 
61 
61 
58 
70 
68 
66 
47 
63 
59 
61 
49 
58 
57 
54 
73 
78 
73 
74 
73 
61 
69 
66 
69 
68 
65 
59 
69 
54 
66 
57 
61 
66 
73 
78 
73 
47 
59 
74 
65 
73 
56 
49 
50 
54 
66 
69 
66 
65 
68 
59 
47 
69 
49 
65 
68 
54 
66 
57 
49 
61 
62 
50 
49 
61 
66 
54 
61 
68 
53 
69 
54 
51 
66 
53 
68 
69 
54 
53 
68 
54 
61 
38 
45 
62 
50 
52 
45 
61 
54 
66 
68 
63 
47 
66 
68 
69 
68 
49 
59 
57 
54 
42 
66 
61 
54 
66 
70 
73 
66 
73 
75 
73 
73 
58 
70 
56 
49 
61 
65 
61 
56 
54 
58 
66 
51 
70 
46 
65 
73 
75 
73 
75 
70 
54 
66 
73 
49 
65 
70 
68 
66 
63 
51 
54 
56 
42 
66 
58 
8603 
 48 	 315 
 1837
65 
61 
70 
63 
72 
65 
73 
66 
75 
63 
65 
61 
70 
60 
69 
61 
51 
72 
66 
58 
57 
65 
53 
63 
65 
61 
70 
57 
72 
58 
73 
54 
70 
75 
63 
72 
53 
61 
65 
70 
60 
69 
55 
58 
70 
64 
72 
57 
53 
65 
51 
49 
77 
68 
56 
58 
68 
77 
66 
75 
61 
65 
73 
51 
66 
53 
68 
63 
54 
60 
73 
58 
53 
73 
75 
51 
60 
61 
49 
77 
56 
75 
60 
63 
72 
56 
72 
66 
49 
65 
73 
57 
72 
58 
54 
61 
66 
63 
72 
60 
53 
69 
65 
69 
64 
46 
54 
70 
61 
70 
72 
73 
53 
70 
65 
65 
61 
58 
82 
63 
81 
65 
82 
66 
75 
84 
63 
72 
81 
61 
78 
60 
69 
77 
66 
58 
57 
75 
58 
65 
75 
46 
65 
73 
55 
48 
72 
64 
70 
65 
53 
69 
55 
70 
57 
63 
72 
63 
69 
77 
61 
70 
82 
63 
81 
73 
65 
82 
75 
66 
84 
63 
72 
81 
78 
60 
87 
69 
85 
66 
75 
84 
65 
73 
84 
73 
82 
64 
72 
81 
70 
79 
69 
53 
65 
77 
76 
79 
77 
72 
70 
68 
65 
61 
70 
72 
73 
66 
74 
72 
75 
77 
75 
65 
82 
73 
80 
77 
73 
70 
68 
65 
63 
49 
53 
61 
63 
65 
56 
68 
72 
66 
75 
65 
73 
58 
77 
75 
60 
56 
63 
72 
75 
66 
57 
77 
65 
75 
72 
73 
58 
65 
63 
70 
69 
61 
70 
72 
70 
58 
73 
59 
51 
66 
75 
63 
69 
60 
65 
72 
69 
46 
61 
70 
61 
65 
70 
55 
63 
72 
57 
65 
73 
58 
70 
61 
65 
61 
60 
58 
60 
61 
66 
65 
58 
53 
57 
58 
46 
61 
53 
49 
48 
46 
48 
49 
54 
41 
53 
58 
60 
51 
57 
49 
58 
8604 
 48 	 151 
 1837
61 
49 
45 
55 
69 
69 
70 
45 
70 
72 
63 
69 
49 
51 
53 
75 
73 
68 
77 
53 
73 
77 
75 
72 
73 
51 
70 
47 
61 
44 
54 
61 
39 
39 
70 
69 
58 
72 
72 
53 
75 
77 
75 
69 
72 
46 
58 
57 
55 
62 
51 
50 
63 
69 
60 
64 
45 
43 
41 
75 
70 
51 
69 
72 
46 
70 
67 
67 
50 
51 
53 
69 
67 
53 
55 
67 
53 
55 
72 
55 
72 
67 
70 
72 
77 
44 
43 
67 
69 
72 
46 
74 
67 
72 
74 
60 
77 
77 
84 
50 
82 
74 
77 
58 
69 
69 
77 
58 
74 
79 
81 
82 
75 
75 
77 
82 
81 
84 
77 
77 
77 
67 
63 
51 
53 
69 
62 
55 
51 
75 
74 
57 
55 
72 
67 
70 
72 
77 
44 
43 
69 
72 
68 
72 
39 
70 
82 
72 
53 
63 
70 
8605 
 48 	 253 
 1837
70 
68 
70 
71 
51 
54 
58 
70 
63 
54 
59 
56 
65 
66 
68 
68 
62 
58 
66 
65 
66 
63 
51 
56 
63 
54 
66 
70 
58 
72 
46 
65 
73 
73 
51 
66 
60 
70 
49 
65 
68 
58 
73 
51 
66 
66 
53 
57 
72 
60 
65 
53 
58 
46 
70 
54 
63 
51 
70 
70 
75 
70 
71 
51 
51 
70 
68 
59 
51 
53 
61 
73 
71 
56 
63 
61 
49 
70 
65 
59 
68 
58 
70 
54 
66 
68 
66 
70 
71 
68 
70 
66 
68 
54 
66 
63 
59 
56 
65 
62 
58 
63 
54 
66 
53 
56 
68 
65 
54 
51 
70 
53 
56 
68 
65 
58 
54 
56 
59 
63 
66 
58 
63 
66 
46 
62 
65 
63 
54 
70 
42 
75 
70 
71 
44 
51 
51 
70 
68 
59 
56 
51 
53 
73 
71 
63 
49 
61 
70 
65 
59 
68 
58 
70 
66 
68 
66 
66 
70 
68 
70 
66 
68 
65 
54 
66 
63 
59 
56 
62 
63 
54 
66 
58 
53 
56 
68 
65 
66 
51 
70 
53 
56 
68 
54 
58 
59 
63 
66 
58 
63 
46 
62 
65 
46 
44 
46 
47 
46 
44 
46 
47 
46 
44 
46 
47 
46 
70 
66 
74 
68 
65 
77 
71 
68 
75 
66 
70 
74 
65 
68 
71 
63 
66 
62 
70 
65 
59 
68 
68 
66 
62 
58 
62 
65 
56 
70 
62 
54 
63 
58 
44 
46 
47 
46 
44 
46 
47 
46 
46 
46 
46 
46 
8606 
 48 	 272 
 1837
61 
66 
69 
68 
65 
66 
69 
68 
65 
66 
61 
66 
69 
68 
66 
65 
61 
66 
61 
62 
61 
59 
57 
56 
61 
57 
54 
61 
66 
65 
61 
66 
64 
63 
61 
60 
64 
63 
61 
64 
63 
61 
60 
61 
61 
66 
65 
66 
68 
69 
68 
66 
69 
68 
66 
65 
66 
57 
56 
57 
59 
61 
66 
65 
61 
66 
65 
66 
68 
69 
69 
68 
66 
69 
68 
66 
65 
66 
62 
61 
64 
62 
68 
61 
64 
62 
68 
61 
68 
61 
63 
62 
69 
68 
64 
62 
66 
64 
61 
62 
66 
64 
61 
62 
64 
62 
59 
52 
64 
62 
68 
76 
61 
64 
62 
68 
61 
64 
80 
62 
68 
64 
61 
66 
61 
66 
61 
66 
68 
66 
64 
62 
56 
66 
64 
62 
56 
66 
64 
68 
71 
61 
69 
68 
66 
61 
53 
56 
68 
66 
65 
74 
73 
85 
83 
83 
81 
80 
78 
78 
77 
78 
80 
73 
76 
74 
73 
73 
74 
76 
76 
74 
76 
78 
80 
81 
83 
84 
85 
83 
81 
80 
78 
76 
74 
74 
73 
68 
69 
78 
76 
74 
73 
71 
69 
73 
71 
68 
73 
73 
75 
77 
78 
80 
81 
83 
85 
86 
77 
85 
81 
80 
81 
78 
49 
50 
52 
54 
56 
58 
59 
61 
59 
61 
62 
64 
66 
62 
59 
54 
56 
58 
59 
61 
62 
59 
56 
53 
54 
53 
56 
54 
61 
70 
71 
72 
73 
74 
75 
76 
77 
79 
78 
70 
71 
42 
44 
46 
47 
49 
50 
49 
61 
66 
70 
68 
65 
66 
70 
73 
78 
85 
8607 
 48 	 772 
 1837
58 
55 
51 
53 
55 
51 
48 
46 
51 
55 
55 
53 
60 
56 
53 
55 
56 
53 
50 
48 
46 
44 
44 
43 
58 
67 
58 
58 
51 
58 
60 
58 
58 
58 
67 
58 
65 
60 
67 
65 
60 
58 
60 
58 
60 
65 
63 
65 
65 
67 
60 
74 
70 
67 
65 
60 
58 
60 
58 
53 
55 
53 
77 
58 
51 
63 
70 
53 
69 
53 
58 
46 
65 
62 
58 
60 
62 
58 
65 
58 
55 
53 
58 
70 
67 
63 
60 
62 
63 
60 
67 
60 
57 
55 
60 
63 
69 
62 
74 
67 
74 
67 
81 
62 
67 
76 
62 
67 
57 
50 
74 
69 
66 
67 
69 
66 
62 
59 
57 
54 
50 
49 
50 
58 
68 
65 
62 
63 
65 
62 
72 
65 
65 
67 
65 
65 
72 
65 
65 
67 
65 
70 
67 
60 
60 
53 
48 
46 
58 
55 
51 
53 
55 
51 
58 
63 
62 
60 
58 
63 
62 
58 
65 
55 
51 
53 
55 
51 
58 
63 
62 
60 
58 
62 
58 
60 
56 
60 
58 
55 
68 
58 
65 
58 
56 
55 
53 
65 
63 
58 
60 
56 
60 
58 
55 
58 
57 
55 
65 
58 
62 
58 
70 
70 
60 
58 
55 
58 
60 
53 
56 
55 
58 
74 
63 
70 
60 
58 
55 
58 
56 
55 
53 
51 
67 
82 
74 
58 
65 
79 
70 
63 
67 
75 
70 
67 
70 
77 
70 
65 
68 
79 
70 
63 
67 
75 
70 
67 
70 
82 
75 
63 
70 
87 
75 
72 
75 
86 
75 
70 
74 
84 
75 
68 
72 
82 
75 
67 
70 
75 
72 
66 
69 
75 
70 
65 
68 
79 
70 
63 
67 
75 
72 
60 
67 
77 
74 
58 
70 
79 
75 
63 
70 
75 
70 
67 
70 
82 
77 
62 
70 
87 
75 
60 
72 
86 
74 
58 
67 
84 
74 
56 
66 
82 
70 
55 
67 
79 
74 
67 
70 
82 
79 
65 
67 
84 
72 
64 
67 
80 
72 
65 
68 
84 
72 
63 
65 
82 
70 
62 
65 
79 
70 
63 
67 
82 
70 
58 
65 
82 
70 
60 
63 
80 
70 
62 
65 
79 
70 
63 
67 
77 
70 
58 
65 
74 
70 
62 
65 
58 
62 
79 
70 
60 
63 
80 
72 
56 
63 
84 
72 
60 
63 
75 
72 
58 
62 
79 
70 
55 
62 
82 
70 
58 
62 
74 
65 
57 
60 
77 
65 
55 
58 
77 
65 
57 
60 
75 
65 
58 
62 
74 
65 
60 
63 
75 
70 
58 
65 
77 
70 
63 
67 
79 
70 
62 
65 
80 
70 
60 
65 
81 
69 
58 
65 
82 
70 
65 
77 
70 
55 
67 
82 
70 
58 
60 
76 
67 
56 
60 
77 
72 
53 
60 
80 
72 
56 
58 
74 
65 
55 
58 
75 
70 
82 
74 
65 
68 
87 
75 
63 
67 
86 
75 
65 
68 
84 
75 
66 
69 
82 
75 
67 
70 
79 
75 
63 
70 
82 
70 
61 
63 
80 
75 
60 
63 
79 
70 
58 
63 
77 
70 
58 
62 
75 
70 
63 
58 
51 
58 
55 
51 
53 
55 
51 
58 
63 
62 
60 
62 
60 
58 
58 
63 
62 
60 
62 
60 
58 
55 
58 
56 
53 
56 
55 
70 
58 
58 
58 
70 
70 
58 
51 
76 
75 
73 
71 
70 
68 
66 
71 
70 
68 
66 
64 
63 
68 
66 
64 
63 
61 
59 
58 
59 
61 
63 
64 
66 
68 
70 
71 
73 
75 
76 
78 
80 
82 
83 
52 
56 
51 
52 
49 
56 
52 
61 
56 
64 
61 
56 
64 
61 
60 
61 
56 
66 
64 
51 
61 
70 
82 
70 
70 
65 
70 
70 
82 
75 
75 
77 
85 
77 
82 
82 
71 
75 
75 
70 
70 
70 
68 
77 
70 
70 
70 
70 
70 
73 
74 
75 
74 
75 
72 
77 
75 
77 
74 
78 
77 
78 
75 
80 
78 
80 
77 
74 
72 
74 
70 
75 
74 
75 
72 
70 
75 
77 
74 
75 
72 
74 
75 
72 
77 
82 
82 
84 
79 
77 
82 
82 
86 
79 
82 
74 
79 
77 
75 
74 
67 
70 
68 
67 
65 
67 
69 
70 
67 
72 
70 
72 
74 
79 
80 
75 
84 
75 
84 
75 
74 
75 
77 
74 
75 
77 
79 
75 
74 
79 
75 
82 
84 
82 
75 
79 
77 
74 
80 
75 
80 
75 
77 
75 
72 
89 
87 
77 
84 
77 
77 
79 
77 
79 
77 
75 
86 
84 
82 
76 
79 
82 
76 
75 
74 
72 
77 
80 
74 
75 
74 
75 
81 
77 
84 
86 
82 
81 
79 
84 
79 
81 
79 
77 
75 
74 
70 
70 
70 
63 
68 
67 
70 
70 
