9821 
 68 	 90 
 1877
64 
67 
64 
49 
46 
49 
64 
63 
64 
54 
50 
54 
69 
68 
66 
61 
69 
68 
71 
61 
69 
60 
68 
75 
68 
49 
58 
59 
64 
55 
61 
61 
63 
64 
69 
60 
64 
64 
49 
69 
53 
64 
40 
68 
44 
54 
56 
57 
54 
49 
51 
76 
49 
68 
46 
71 
68 
62 
68 
52 
64 
51 
68 
49 
69 
47 
68 
45 
61 
44 
40 
42 
63 
69 
70 
75 
79 
68 
45 
44 
54 
68 
51 
57 
56 
61 
48 
49 
48 
49 
9822 
 68 	 39 
 1877
58 
62 
41 
67 
44 
58 
45 
66 
44 
74 
70 
43 
72 
74 
41 
44 
62 
68 
67 
60 
63 
65 
63 
36 
35 
34 
32 
72 
68 
34 
68 
67 
32 
31 
63 
67 
57 
62 
56 
9823 
 68 	 55 
 1877
52 
66 
64 
73 
71 
68 
66 
66 
68 
66 
64 
71 
68 
64 
54 
52 
62 
59 
52 
54 
71 
52 
52 
51 
56 
59 
73 
74 
59 
64 
56 
73 
66 
71 
52 
73 
67 
66 
59 
50 
68 
61 
48 
54 
75 
52 
71 
52 
68 
66 
64 
52 
66 
57 
56 
9824 
 68 	 69 
 1877
41 
77 
53 
46 
72 
61 
69 
70 
71 
72 
73 
75 
76 
77 
60 
70 
73 
72 
60 
41 
72 
68 
40 
68 
68 
72 
41 
60 
61 
67 
68 
78 
77 
73 
84 
72 
77 
56 
72 
65 
72 
72 
71 
48 
72 
67 
53 
71 
57 
65 
46 
49 
60 
41 
60 
69 
68 
69 
65 
50 
65 
65 
72 
68 
68 
67 
41 
77 
77 
9825 
 68 	 49 
 1877
49 
61 
63 
56 
66 
59 
65 
66 
68 
63 
69 
61 
69 
68 
63 
69 
61 
69 
68 
66 
73 
68 
71 
68 
71 
66 
69 
63 
66 
64 
65 
66 
64 
66 
65 
59 
57 
59 
54 
59 
57 
59 
54 
65 
66 
59 
62 
59 
54 
9826 
 68 	 40 
 1877
59 
68 
65 
62 
63 
70 
72 
77 
73 
72 
69 
44 
65 
66 
44 
37 
66 
43 
64 
74 
69 
80 
74 
65 
68 
72 
68 
38 
79 
75 
68 
66 
83 
54 
25 
56 
72 
54 
55 
75 
9827 
 68 	 73 
 1877
58 
70 
72 
73 
72 
73 
72 
70 
70 
66 
70 
58 
76 
65 
56 
67 
68 
51 
50 
55 
60 
72 
74 
75 
74 
75 
74 
72 
72 
68 
72 
51 
78 
59 
58 
54 
70 
50 
55 
54 
60 
58 
70 
70 
60 
58 
70 
72 
70 
60 
73 
73 
54 
56 
63 
64 
63 
64 
66 
51 
71 
60 
70 
64 
58 
70 
58 
67 
60 
58 
70 
46 
63 
9828 
 68 	 83 
 1877
66 
63 
68 
75 
66 
63 
65 
54 
78 
63 
54 
66 
68 
78 
61 
63 
78 
80 
61 
77 
54 
75 
61 
58 
68 
66 
68 
66 
65 
66 
63 
66 
63 
58 
73 
71 
63 
71 
71 
66 
71 
71 
61 
71 
73 
70 
68 
63 
68 
59 
61 
61 
66 
58 
56 
66 
68 
66 
64 
66 
69 
67 
64 
63 
58 
51 
61 
63 
65 
63 
65 
66 
70 
67 
68 
66 
70 
66 
58 
58 
51 
49 
46 
9829 
 68 	 228 
 1877
44 
47 
48 
49 
42 
50 
51 
52 
65 
53 
48 
50 
41 
53 
48 
50 
41 
53 
48 
50 
41 
53 
48 
50 
41 
53 
48 
50 
41 
77 
53 
79 
48 
50 
41 
53 
48 
50 
41 
53 
48 
50 
42 
53 
46 
80 
51 
48 
42 
53 
46 
77 
51 
48 
42 
77 
53 
73 
46 
75 
51 
48 
42 
53 
46 
77 
51 
48 
41 
51 
46 
84 
50 
48 
41 
51 
46 
86 
50 
48 
75 
48 
43 
44 
48 
53 
50 
51 
70 
51 
43 
44 
54 
51 
80 
44 
52 
49 
78 
41 
48 
49 
52 
53 
42 
53 
46 
87 
51 
48 
42 
53 
46 
84 
51 
48 
42 
84 
53 
80 
46 
82 
51 
48 
42 
53 
46 
84 
51 
48 
41 
53 
48 
49 
84 
53 
48 
49 
44 
49 
40 
49 
42 
42 
42 
42 
41 
53 
48 
50 
44 
41 
53 
48 
50 
44 
41 
53 
48 
50 
44 
41 
53 
48 
82 
50 
81 
80 
44 
79 
42 
53 
46 
52 
42 
53 
46 
52 
42 
49 
48 
53 
52 
42 
49 
48 
77 
53 
52 
41 
44 
49 
48 
44 
53 
50 
53 
42 
53 
46 
77 
51 
48 
42 
53 
46 
70 
51 
48 
41 
53 
48 
49 
76 
53 
48 
49 
77 
40 
38 
39 
44 
53 
50 
51 
44 
44 
44 
9830 
 68 	 241 
 1877
51 
63 
65 
67 
63 
59 
65 
51 
63 
65 
67 
67 
75 
67 
70 
68 
70 
72 
67 
63 
57 
72 
67 
63 
55 
57 
58 
59 
60 
62 
60 
57 
53 
52 
51 
50 
53 
58 
62 
65 
67 
63 
62 
72 
67 
75 
67 
70 
63 
64 
70 
67 
65 
69 
67 
70 
65 
72 
66 
63 
67 
74 
66 
63 
64 
61 
58 
72 
67 
70 
70 
68 
58 
68 
70 
63 
78 
72 
78 
65 
69 
64 
69 
65 
69 
72 
81 
75 
81 
68 
60 
63 
68 
72 
75 
77 
73 
72 
68 
67 
68 
65 
63 
77 
68 
67 
68 
65 
62 
70 
67 
66 
67 
65 
61 
70 
67 
66 
67 
64 
60 
65 
65 
63 
58 
65 
60 
63 
65 
65 
63 
65 
70 
72 
75 
73 
72 
70 
72 
63 
67 
62 
58 
64 
67 
72 
65 
67 
72 
68 
56 
58 
62 
65 
67 
68 
63 
60 
63 
68 
65 
80 
74 
80 
75 
70 
68 
58 
68 
70 
63 
78 
72 
78 
70 
49 
52 
57 
61 
70 
71 
76 
60 
63 
68 
72 
75 
82 
87 
79 
84 
82 
79 
75 
72 
71 
67 
62 
59 
60 
62 
67 
63 
45 
46 
48 
51 
58 
51 
55 
55 
63 
59 
59 
63 
42 
43 
46 
51 
55 
63 
67 
68 
63 
63 
70 
51 
67 
59 
62 
63 
67 
71 
74 
72 
79 
83 
86 
87 
75 
72 
9831 
 68 	 450 
 1877
43 
50 
59 
62 
67 
71 
43 
53 
59 
62 
65 
68 
43 
43 
52 
55 
60 
64 
67 
43 
51 
54 
57 
60 
63 
43 
50 
59 
62 
67 
40 
47 
55 
64 
67 
71 
48 
55 
60 
64 
72 
76 
41 
48 
57 
60 
65 
69 
48 
55 
64 
72 
79 
57 
64 
72 
81 
88 
60 
67 
76 
84 
91 
69 
76 
84 
93 
100 
48 
55 
64 
53 
59 
68 
48 
55 
60 
64 
67 
72 
64 
67 
72 
76 
79 
84 
41 
48 
53 
57 
60 
65 
69 
72 
77 
81 
84 
89 
45 
52 
57 
60 
64 
69 
72 
76 
79 
84 
43 
50 
55 
58 
62 
67 
70 
74 
79 
82 
36 
43 
48 
52 
58 
60 
64 
72 
76 
82 
84 
88 
96 
82 
79 
91 
82 
86 
79 
91 
82 
79 
91 
86 
82 
79 
91 
82 
86 
53 
60 
65 
67 
72 
75 
79 
84 
87 
53 
60 
65 
67 
72 
75 
79 
84 
87 
53 
60 
65 
67 
72 
75 
79 
84 
87 
53 
60 
65 
69 
72 
77 
81 
84 
89 
46 
53 
56 
60 
65 
68 
72 
77 
80 
46 
53 
56 
60 
65 
68 
72 
77 
80 
46 
53 
58 
62 
65 
70 
74 
77 
82 
46 
56 
62 
65 
70 
74 
77 
46 
55 
58 
63 
70 
75 
82 
46 
54 
58 
63 
70 
75 
82 
46 
53 
58 
62 
65 
74 
82 
81 
79 
74 
71 
69 
67 
62 
59 
81 
79 
74 
71 
69 
67 
62 
59 
78 
75 
72 
69 
66 
63 
60 
57 
78 
75 
72 
69 
66 
63 
60 
57 
77 
83 
80 
77 
74 
71 
68 
65 
62 
83 
80 
77 
74 
71 
68 
65 
62 
79 
76 
72 
67 
64 
60 
55 
52 
79 
76 
72 
67 
64 
60 
55 
52 
88 
82 
79 
76 
73 
70 
67 
60 
88 
82 
79 
76 
73 
70 
67 
60 
93 
89 
84 
81 
77 
72 
69 
65 
86 
81 
77 
74 
69 
65 
62 
57 
84 
81 
76 
72 
69 
64 
60 
57 
80 
76 
72 
68 
64 
60 
52 
76 
72 
69 
64 
60 
57 
52 
45 
76 
72 
64 
60 
55 
48 
43 
51 
60 
63 
66 
69 
72 
74 
78 
81 
84 
86 
87 
90 
91 
58 
65 
68 
72 
77 
80 
84 
58 
65 
68 
72 
77 
80 
84 
46 
53 
60 
65 
72 
77 
84 
46 
53 
62 
65 
70 
77 
82 
60 
51 
63 
68 
72 
44 
60 
51 
63 
56 
68 
72 
44 
51 
60 
63 
44 
51 
60 
63 
44 
51 
60 
63 
44 
51 
60 
63 
44 
51 
60 
63 
96 
92 
87 
84 
87 
96 
92 
80 
87 
92 
96 
9832 
 68 	 1386 
 1877
67 
51 
56 
54 
55 
57 
58 
59 
60 
59 
60 
62 
67 
58 
52 
55 
53 
55 
57 
58 
57 
58 
60 
61 
75 
58 
56 
44 
75 
74 
77 
67 
74 
63 
84 
65 
79 
68 
70 
68 
68 
65 
63 
65 
59 
62 
65 
67 
69 
74 
67 
70 
68 
74 
63 
60 
59 
58 
68 
66 
58 
65 
58 
56 
70 
53 
70 
60 
61 
60 
77 
63 
62 
74 
58 
64 
60 
65 
57 
65 
58 
58 
66 
75 
59 
64 
63 
57 
71 
55 
65 
67 
44 
67 
80 
79 
77 
76 
77 
75 
73 
63 
61 
68 
59 
65 
62 
63 
75 
79 
64 
61 
68 
65 
63 
61 
75 
74 
62 
77 
75 
68 
78 
71 
69 
71 
38 
77 
37 
77 
58 
57 
70 
57 
65 
70 
72 
68 
67 
55 
73 
58 
73 
61 
73 
55 
64 
60 
58 
61 
68 
60 
65 
63 
46 
44 
60 
52 
56 
71 
55 
70 
58 
56 
53 
60 
65 
58 
84 
80 
82 
80 
79 
73 
75 
73 
68 
70 
68 
61 
68 
70 
74 
63 
61 
68 
58 
65 
55 
56 
62 
60 
62 
60 
65 
63 
71 
65 
67 
66 
70 
87 
75 
79 
77 
78 
75 
74 
77 
67 
74 
63 
84 
70 
68 
70 
68 
68 
65 
63 
65 
59 
62 
62 
59 
60 
62 
67 
66 
71 
74 
74 
73 
66 
81 
74 
83 
75 
54 
57 
59 
60 
62 
75 
60 
79 
80 
82 
55 
84 
85 
86 
67 
75 
86 
84 
36 
66 
74 
84 
70 
58 
80 
79 
65 
56 
67 
75 
56 
63 
75 
77 
60 
79 
60 
56 
82 
55 
60 
80 
79 
49 
51 
53 
54 
55 
56 
58 
60 
61 
75 
65 
78 
79 
80 
82 
63 
82 
60 
64 
63 
80 
68 
86 
75 
71 
63 
60 
60 
92 
68 
89 
61 
84 
74 
83 
55 
84 
60 
66 
81 
71 
82 
70 
52 
79 
63 
71 
79 
63 
77 
63 
56 
54 
75 
55 
47 
50 
51 
53 
52 
55 
53 
56 
58 
59 
62 
60 
75 
65 
52 
55 
53 
56 
58 
59 
62 
60 
75 
65 
76 
79 
65 
80 
82 
59 
62 
60 
75 
65 
76 
79 
65 
80 
82 
83 
86 
84 
87 
86 
87 
86 
87 
86 
87 
86 
87 
86 
87 
86 
87 
84 
86 
67 
75 
86 
84 
83 
66 
68 
70 
58 
80 
79 
65 
56 
67 
75 
60 
55 
75 
77 
63 
79 
62 
82 
56 
84 
72 
55 
72 
55 
67 
60 
67 
60 
67 
67 
69 
70 
69 
66 
59 
66 
55 
74 
69 
86 
88 
83 
84 
80 
81 
76 
69 
83 
84 
71 
81 
83 
69 
79 
81 
67 
66 
56 
57 
59 
57 
74 
74 
73 
54 
64 
55 
62 
69 
66 
76 
55 
54 
71 
81 
81 
79 
64 
62 
64 
62 
64 
69 
62 
64 
62 
64 
62 
59 
62 
64 
62 
58 
74 
76 
58 
57 
81 
69 
71 
69 
65 
64 
57 
62 
73 
59 
69 
62 
61 
71 
78 
79 
61 
59 
70 
59 
64 
62 
61 
64 
59 
73 
62 
79 
81 
83 
85 
86 
77 
81 
57 
59 
61 
62 
73 
71 
61 
85 
62 
83 
61 
74 
73 
71 
69 
57 
78 
52 
69 
71 
78 
79 
61 
62 
70 
59 
76 
78 
79 
81 
83 
74 
76 
81 
79 
81 
86 
64 
69 
71 
69 
74 
76 
70 
71 
73 
74 
76 
78 
66 
59 
66 
62 
68 
69 
71 
52 
57 
59 
57 
52 
53 
69 
71 
57 
64 
57 
59 
68 
66 
55 
69 
67 
66 
70 
69 
66 
59 
66 
55 
74 
73 
71 
74 
71 
64 
70 
56 
57 
49 
60 
74 
74 
64 
57 
55 
79 
65 
77 
60 
62 
64 
74 
57 
76 
68 
74 
69 
40 
40 
81 
66 
83 
74 
81 
76 
77 
60 
86 
81 
84 
59 
84 
79 
83 
57 
78 
71 
76 
69 
76 
78 
64 
78 
78 
76 
60 
62 
64 
62 
57 
62 
76 
76 
74 
59 
57 
62 
57 
59 
59 
60 
59 
57 
71 
57 
52 
57 
59 
57 
52 
69 
71 
57 
74 
59 
69 
71 
60 
71 
54 
59 
61 
74 
61 
62 
66 
59 
66 
62 
68 
69 
71 
52 
57 
59 
60 
57 
62 
66 
62 
55 
47 
64 
57 
59 
69 
71 
57 
71 
69 
74 
55 
57 
55 
57 
74 
76 
78 
79 
64 
79 
55 
59 
57 
71 
69 
51 
55 
54 
64 
60 
59 
55 
55 
60 
51 
59 
72 
51 
72 
71 
57 
60 
55 
76 
69 
52 
64 
66 
69 
57 
59 
69 
71 
72 
60 
76 
64 
69 
66 
55 
61 
71 
55 
61 
71 
55 
62 
55 
62 
60 
51 
71 
70 
78 
74 
70 
74 
82 
81 
79 
81 
77 
79 
75 
78 
69 
74 
62 
71 
65 
63 
71 
63 
63 
62 
63 
79 
60 
63 
75 
74 
68 
74 
60 
62 
56 
58 
68 
65 
63 
62 
79 
62 
75 
74 
80 
79 
75 
63 
74 
69 
60 
74 
54 
55 
69 
70 
77 
70 
57 
75 
58 
70 
65 
75 
69 
67 
62 
60 
67 
62 
75 
74 
57 
71 
80 
71 
60 
83 
84 
84 
65 
75 
82 
74 
60 
77 
70 
80 
79 
77 
75 
74 
65 
63 
80 
62 
79 
68 
77 
58 
75 
56 
74 
51 
68 
70 
65 
63 
65 
70 
53 
55 
67 
65 
75 
77 
51 
62 
63 
65 
58 
65 
64 
74 
77 
75 
53 
55 
56 
53 
58 
63 
50 
60 
53 
55 
51 
70 
65 
55 
53 
58 
54 
62 
63 
65 
51 
65 
51 
53 
69 
70 
53 
79 
80 
53 
75 
53 
51 
52 
53 
74 
54 
70 
53 
51 
65 
51 
53 
67 
65 
51 
53 
73 
56 
71 
72 
75 
58 
63 
56 
55 
62 
63 
67 
74 
68 
68 
50 
51 
53 
63 
65 
68 
51 
51 
50 
75 
68 
58 
44 
66 
65 
58 
46 
63 
50 
63 
50 
67 
70 
53 
51 
74 
50 
52 
69 
55 
57 
58 
58 
74 
70 
70 
57 
58 
68 
62 
60 
75 
77 
53 
55 
65 
62 
69 
58 
57 
74 
70 
65 
70 
74 
57 
75 
58 
77 
57 
64 
52 
65 
53 
64 
45 
65 
65 
65 
77 
65 
74 
76 
62 
72 
70 
65 
62 
60 
58 
65 
50 
58 
63 
62 
60 
58 
57 
63 
53 
62 
60 
65 
67 
65 
50 
72 
47 
67 
50 
51 
74 
55 
65 
55 
53 
55 
65 
63 
64 
70 
52 
58 
65 
58 
56 
58 
61 
56 
55 
56 
53 
53 
55 
53 
55 
68 
53 
56 
51 
53 
59 
79 
62 
60 
65 
63 
65 
71 
62 
63 
65 
75 
74 
59 
65 
60 
71 
67 
62 
60 
66 
62 
63 
74 
60 
58 
69 
70 
42 
53 
69 
51 
69 
51 
62 
57 
55 
57 
59 
71 
71 
62 
64 
54 
69 
62 
62 
71 
55 
59 
69 
59 
66 
59 
57 
50 
71 
64 
66 
62 
59 
57 
71 
65 
64 
57 
69 
62 
62 
66 
59 
64 
69 
71 
57 
62 
66 
71 
74 
57 
62 
64 
59 
60 
59 
57 
62 
60 
71 
76 
57 
69 
62 
74 
71 
64 
59 
69 
71 
60 
58 
59 
69 
75 
81 
59 
60 
62 
75 
62 
60 
75 
60 
59 
60 
62 
75 
54 
55 
57 
58 
51 
52 
53 
54 
60 
49 
50 
51 
42 
43 
45 
46 
39 
40 
41 
42 
36 
37 
38 
39 
30 
31 
72 
82 
84 
82 
80 
79 
80 
79 
65 
75 
65 
75 
62 
75 
62 
60 
59 
56 
55 
56 
55 
53 
51 
50 
51 
50 
51 
60 
30 
72 
82 
81 
79 
78 
79 
78 
75 
62 
75 
62 
60 
58 
57 
58 
57 
55 
54 
55 
51 
50 
60 
51 
50 
60 
47 
44 
43 
29 
72 
40 
41 
43 
44 
47 
60 
52 
53 
47 
60 
52 
53 
55 
56 
59 
60 
52 
53 
55 
56 
59 
60 
62 
75 
59 
60 
76 
65 
79 
80 
83 
84 
76 
65 
79 
80 
83 
84 
86 
67 
60 
86 
84 
83 
66 
68 
58 
58 
80 
79 
76 
56 
67 
75 
60 
63 
75 
77 
60 
79 
62 
82 
56 
84 
67 
55 
63 
55 
67 
56 
67 
56 
67 
