10053 
 77 	 117 
 1908
69 
73 
70 
69 
73 
66 
67 
69 
73 
70 
69 
73 
66 
67 
67 
76 
72 
76 
78 
79 
81 
78 
75 
75 
75 
78 
73 
78 
75 
80 
73 
76 
75 
79 
77 
67 
64 
69 
73 
70 
69 
73 
66 
67 
67 
76 
72 
76 
78 
79 
81 
78 
79 
81 
80 
80 
83 
87 
80 
83 
85 
90 
86 
85 
90 
86 
85 
90 
81 
83 
85 
81 
83 
85 
81 
83 
85 
89 
83 
80 
83 
80 
74 
81 
78 
75 
83 
78 
73 
78 
75 
80 
73 
76 
75 
79 
77 
67 
64 
69 
73 
70 
69 
73 
66 
67 
73 
66 
67 
73 
66 
65 
66 
62 
60 
58 
61 
10054 
 77 	 178 
 1908
68 
70 
68 
67 
73 
75 
74 
68 
67 
65 
67 
68 
65 
68 
71 
67 
66 
68 
66 
65 
71 
73 
72 
66 
65 
63 
65 
66 
63 
66 
69 
65 
61 
64 
67 
63 
61 
63 
61 
64 
67 
63 
61 
75 
73 
68 
69 
70 
71 
70 
76 
79 
73 
74 
73 
79 
82 
76 
77 
76 
82 
85 
79 
80 
82 
80 
85 
88 
82 
83 
85 
86 
88 
89 
91 
92 
95 
92 
90 
88 
87 
85 
80 
75 
73 
68 
68 
70 
68 
67 
73 
75 
74 
68 
67 
65 
67 
68 
65 
68 
71 
67 
66 
68 
66 
65 
71 
73 
72 
66 
65 
63 
65 
66 
63 
66 
69 
65 
61 
64 
67 
63 
61 
63 
61 
64 
67 
63 
61 
75 
73 
65 
66 
67 
68 
67 
73 
76 
70 
71 
70 
76 
79 
73 
74 
73 
79 
82 
76 
77 
79 
77 
82 
86 
80 
82 
83 
85 
86 
88 
89 
90 
89 
87 
89 
90 
92 
93 
94 
94 
92 
85 
91 
92 
94 
85 
91 
97 
10055 
 77 	 327 
 1908
76 
75 
76 
69 
85 
78 
77 
76 
75 
76 
69 
70 
78 
77 
78 
77 
78 
70 
77 
78 
87 
86 
82 
86 
85 
74 
75 
71 
94 
80 
94 
82 
74 
92 
74 
78 
74 
78 
72 
88 
72 
84 
72 
78 
67 
65 
63 
76 
75 
76 
69 
85 
78 
77 
76 
75 
76 
69 
85 
78 
77 
70 
74 
70 
77 
78 
84 
85 
84 
87 
84 
83 
82 
84 
86 
75 
95 
77 
95 
83 
81 
88 
75 
71 
77 
80 
78 
77 
70 
69 
79 
69 
70 
69 
64 
78 
77 
85 
84 
85 
83 
86 
85 
77 
85 
84 
85 
83 
86 
74 
78 
74 
85 
82 
83 
89 
91 
90 
91 
90 
84 
86 
87 
99 
85 
99 
90 
88 
93 
86 
74 
77 
83 
79 
91 
71 
87 
71 
72 
70 
65 
66 
71 
78 
71 
78 
83 
74 
84 
71 
78 
71 
78 
83 
74 
84 
82 
87 
82 
84 
86 
82 
84 
91 
90 
91 
89 
88 
84 
83 
78 
98 
77 
98 
89 
83 
91 
78 
74 
88 
83 
78 
77 
81 
78 
79 
83 
78 
78 
71 
72 
80 
72 
80 
77 
74 
74 
74 
74 
61 
63 
62 
63 
66 
65 
57 
62 
65 
77 
65 
74 
71 
66 
86 
77 
83 
86 
89 
84 
83 
89 
92 
93 
95 
96 
98 
99 
102 
99 
96 
100 
88 
94 
88 
87 
84 
78 
69 
91 
78 
69 
78 
70 
82 
67 
69 
66 
70 
61 
60 
58 
61 
55 
54 
59 
59 
57 
59 
52 
62 
59 
62 
55 
65 
62 
65 
58 
59 
77 
72 
78 
72 
71 
74 
74 
65 
74 
71 
59 
71 
65 
82 
61 
70 
71 
71 
64 
74 
88 
85 
78 
74 
67 
75 
74 
67 
65 
77 
71 
64 
82 
71 
70 
74 
82 
83 
82 
77 
70 
83 
85 
83 
82 
75 
75 
75 
75 
75 
78 
74 
81 
63 
66 
57 
66 
64 
69 
10056 
 77 	 784 
 1908
83 
80 
83 
80 
83 
80 
83 
80 
83 
80 
67 
72 
68 
61 
60 
63 
65 
63 
69 
71 
69 
75 
77 
75 
77 
75 
77 
75 
77 
75 
77 
75 
77 
75 
77 
75 
77 
75 
77 
75 
77 
75 
77 
75 
77 
75 
77 
75 
77 
75 
77 
75 
77 
75 
77 
75 
77 
75 
77 
75 
77 
75 
77 
75 
77 
75 
77 
75 
75 
76 
69 
68 
67 
83 
80 
83 
80 
83 
80 
83 
80 
83 
80 
67 
72 
68 
61 
60 
71 
70 
69 
70 
70 
69 
77 
76 
75 
81 
76 
79 
82 
84 
80 
84 
80 
84 
80 
84 
80 
90 
68 
82 
76 
82 
76 
82 
76 
81 
70 
75 
65 
75 
70 
81 
86 
90 
68 
82 
76 
82 
76 
82 
76 
81 
70 
75 
65 
75 
70 
81 
69 
64 
63 
85 
64 
63 
69 
64 
63 
85 
64 
63 
69 
76 
71 
70 
64 
69 
62 
70 
60 
64 
58 
57 
56 
55 
54 
53 
51 
58 
64 
58 
64 
58 
64 
58 
64 
58 
64 
63 
62 
70 
69 
63 
58 
57 
60 
58 
57 
64 
63 
70 
63 
62 
70 
69 
63 
58 
57 
76 
64 
63 
67 
76 
65 
68 
77 
70 
79 
82 
76 
85 
79 
88 
86 
91 
85 
69 
63 
69 
63 
69 
63 
69 
63 
69 
63 
76 
64 
63 
62 
65 
69 
63 
62 
60 
63 
62 
69 
68 
76 
64 
63 
62 
65 
69 
63 
67 
69 
81 
76 
75 
81 
76 
75 
82 
68 
76 
82 
68 
76 
61 
68 
67 
83 
68 
67 
84 
81 
67 
68 
69 
80 
75 
82 
81 
86 
84 
79 
84 
81 
67 
68 
69 
80 
75 
82 
81 
86 
84 
79 
84 
81 
67 
68 
69 
88 
85 
71 
81 
78 
92 
89 
87 
85 
82 
58 
63 
70 
64 
61 
70 
63 
67 
64 
69 
67 
76 
81 
75 
84 
82 
87 
85 
90 
88 
90 
88 
90 
88 
90 
85 
90 
86 
91 
86 
92 
87 
92 
88 
92 
91 
92 
91 
87 
91 
92 
91 
92 
91 
92 
91 
92 
91 
92 
91 
92 
91 
92 
91 
92 
91 
92 
91 
92 
91 
92 
89 
84 
78 
65 
71 
86 
91 
90 
85 
68 
62 
61 
67 
84 
89 
86 
71 
78 
60 
59 
65 
68 
85 
84 
67 
62 
56 
55 
61 
78 
71 
68 
65 
60 
54 
53 
59 
62 
68 
78 
61 
56 
50 
49 
55 
60 
65 
62 
59 
54 
48 
47 
53 
56 
61 
60 
55 
50 
44 
43 
49 
54 
59 
56 
53 
48 
42 
37 
44 
47 
50 
53 
55 
59 
75 
61 
62 
56 
54 
55 
61 
75 
62 
56 
54 
55 
57 
55 
56 
54 
55 
57 
55 
56 
54 
55 
57 
55 
56 
78 
73 
78 
81 
82 
81 
78 
81 
78 
73 
78 
73 
78 
81 
82 
81 
78 
81 
78 
73 
90 
82 
81 
82 
81 
78 
73 
78 
81 
82 
90 
82 
81 
82 
81 
78 
73 
78 
81 
82 
90 
82 
81 
82 
81 
78 
73 
78 
81 
82 
78 
75 
74 
73 
67 
71 
61 
60 
61 
60 
59 
68 
69 
65 
69 
68 
59 
61 
71 
76 
77 
78 
75 
74 
73 
67 
71 
61 
60 
61 
60 
59 
68 
69 
65 
69 
68 
59 
75 
62 
80 
67 
78 
73 
78 
81 
82 
81 
78 
81 
78 
73 
78 
73 
78 
81 
82 
81 
78 
81 
78 
73 
90 
82 
81 
82 
81 
78 
73 
78 
81 
82 
90 
82 
81 
82 
81 
78 
73 
78 
81 
82 
90 
82 
81 
82 
81 
78 
73 
78 
81 
82 
65 
78 
79 
78 
65 
76 
75 
83 
77 
60 
59 
80 
77 
59 
74 
65 
80 
65 
78 
79 
78 
65 
76 
75 
83 
77 
60 
59 
78 
68 
63 
69 
60 
62 
69 
63 
57 
56 
51 
57 
54 
58 
55 
64 
57 
61 
57 
63 
61 
70 
75 
61 
78 
60 
70 
67 
73 
78 
65 
81 
79 
75 
61 
77 
67 
59 
78 
73 
78 
81 
82 
81 
78 
81 
78 
73 
78 
73 
78 
81 
82 
81 
78 
81 
78 
73 
90 
82 
81 
82 
81 
78 
73 
78 
81 
82 
90 
82 
81 
82 
81 
78 
73 
78 
81 
82 
90 
82 
81 
82 
81 
78 
73 
78 
81 
82 
90 
89 
71 
89 
71 
80 
71 
80 
71 
89 
63 
65 
63 
64 
70 
68 
69 
75 
76 
78 
76 
81 
79 
85 
86 
88 
86 
91 
92 
89 
91 
85 
92 
89 
91 
85 
92 
89 
91 
85 
92 
89 
91 
85 
92 
89 
91 
85 
92 
89 
91 
85 
92 
89 
91 
85 
92 
89 
91 
89 
10057 
 77 	 896 
 1908
78 
84 
85 
86 
89 
85 
86 
84 
78 
84 
85 
86 
89 
85 
86 
84 
90 
89 
86 
89 
86 
85 
90 
89 
86 
89 
86 
85 
90 
89 
86 
89 
86 
85 
84 
79 
78 
73 
74 
73 
72 
73 
74 
73 
72 
73 
74 
72 
71 
73 
75 
77 
79 
81 
83 
85 
83 
85 
83 
85 
83 
85 
83 
85 
83 
85 
83 
85 
83 
85 
83 
85 
83 
85 
83 
85 
83 
85 
83 
85 
83 
85 
83 
85 
83 
85 
83 
85 
83 
85 
83 
85 
83 
85 
83 
85 
83 
85 
83 
85 
83 
83 
82 
81 
80 
79 
78 
84 
85 
86 
89 
85 
86 
84 
78 
84 
85 
86 
89 
85 
86 
84 
90 
89 
86 
89 
86 
85 
90 
89 
86 
89 
86 
85 
90 
89 
86 
89 
86 
85 
84 
79 
78 
73 
74 
73 
72 
73 
74 
73 
72 
73 
74 
72 
78 
79 
78 
77 
78 
79 
78 
77 
78 
79 
77 
82 
83 
82 
81 
82 
83 
81 
85 
86 
85 
84 
85 
86 
84 
89 
90 
88 
91 
92 
90 
93 
94 
92 
93 
94 
92 
93 
94 
92 
93 
94 
92 
86 
85 
79 
80 
85 
84 
85 
84 
85 
84 
83 
82 
81 
77 
81 
82 
83 
89 
86 
85 
79 
80 
85 
84 
85 
84 
85 
84 
83 
82 
81 
77 
81 
82 
83 
81 
75 
76 
69 
75 
76 
81 
75 
76 
69 
75 
76 
81 
75 
76 
69 
75 
76 
81 
75 
76 
69 
75 
76 
81 
79 
78 
77 
76 
75 
74 
73 
72 
71 
70 
69 
68 
67 
66 
65 
63 
62 
68 
69 
70 
73 
69 
70 
68 
62 
68 
69 
70 
73 
69 
70 
68 
74 
73 
70 
73 
70 
69 
74 
73 
70 
73 
70 
69 
74 
73 
70 
73 
70 
69 
75 
74 
73 
72 
71 
70 
69 
72 
70 
69 
72 
75 
78 
75 
74 
73 
72 
71 
70 
69 
77 
76 
75 
79 
78 
77 
80 
85 
82 
86 
83 
88 
86 
91 
89 
94 
92 
97 
64 
70 
71 
72 
75 
71 
72 
70 
64 
70 
71 
72 
75 
71 
72 
70 
76 
75 
72 
75 
72 
71 
76 
75 
72 
75 
72 
71 
76 
75 
72 
75 
72 
71 
77 
76 
75 
74 
73 
72 
71 
74 
72 
71 
74 
77 
80 
77 
76 
75 
74 
73 
72 
71 
79 
81 
73 
80 
79 
85 
80 
79 
73 
80 
79 
85 
80 
79 
73 
80 
79 
85 
80 
79 
72 
77 
79 
80 
81 
84 
87 
86 
90 
89 
93 
85 
72 
77 
79 
80 
81 
84 
87 
86 
90 
89 
93 
85 
72 
77 
79 
80 
81 
76 
81 
83 
84 
85 
80 
85 
87 
88 
89 
70 
75 
72 
76 
73 
78 
75 
79 
76 
81 
79 
84 
82 
87 
84 
90 
88 
93 
91 
96 
92 
96 
93 
97 
93 
97 
94 
98 
94 
98 
95 
99 
96 
100 
97 
101 
98 
102 
99 
103 
100 
103 
101 
103 
102 
103 
102 
103 
102 
103 
102 
103 
102 
103 
102 
103 
102 
103 
102 
103 
82 
85 
90 
93 
94 
93 
90 
93 
90 
85 
82 
85 
90 
93 
94 
93 
90 
93 
90 
85 
97 
94 
93 
94 
93 
90 
85 
90 
93 
94 
97 
94 
93 
94 
93 
90 
85 
90 
93 
94 
97 
94 
93 
94 
93 
90 
85 
90 
93 
94 
86 
87 
86 
85 
79 
80 
85 
84 
85 
84 
83 
82 
81 
77 
81 
82 
83 
85 
87 
88 
89 
86 
87 
86 
85 
79 
80 
85 
84 
85 
84 
83 
82 
81 
77 
81 
82 
83 
87 
86 
85 
83 
82 
85 
90 
93 
94 
93 
90 
93 
90 
85 
82 
85 
90 
93 
94 
93 
90 
93 
90 
85 
97 
94 
93 
94 
93 
90 
85 
90 
93 
94 
97 
94 
93 
94 
93 
90 
85 
90 
93 
94 
97 
94 
93 
94 
93 
90 
85 
90 
93 
94 
89 
90 
91 
90 
89 
88 
87 
86 
85 
84 
83 
86 
84 
83 
86 
89 
92 
89 
90 
91 
90 
89 
88 
87 
86 
85 
84 
83 
81 
80 
78 
77 
75 
74 
72 
71 
69 
68 
64 
69 
66 
70 
67 
72 
69 
73 
70 
75 
73 
78 
76 
81 
79 
84 
82 
87 
85 
90 
89 
93 
91 
87 
85 
89 
87 
83 
82 
85 
90 
93 
94 
93 
90 
93 
90 
85 
82 
85 
90 
93 
94 
93 
90 
93 
90 
85 
97 
94 
93 
94 
93 
90 
85 
90 
93 
94 
97 
94 
93 
94 
93 
90 
85 
90 
93 
94 
97 
94 
93 
94 
93 
90 
85 
90 
93 
94 
99 
97 
95 
97 
95 
92 
87 
92 
95 
97 
71 
73 
75 
76 
78 
80 
81 
83 
85 
86 
88 
90 
91 
93 
95 
96 
98 
100 
95 
101 
98 
97 
95 
101 
98 
97 
95 
101 
98 
97 
95 
101 
98 
97 
96 
101 
98 
97 
96 
101 
98 
97 
96 
101 
98 
97 
96 
101 
98 
96 
99 
97 
99 
97 
99 
97 
99 
97 
99 
97 
99 
97 
99 
97 
99 
97 
99 
97 
99 
97 
99 
97 
99 
97 
99 
97 
99 
97 
99 
97 
99 
97 
99 
97 
99 
97 
99 
97 
99 
97 
99 
97 
99 
97 
99 
97 
99 
97 
99 
97 
99 
97 
99 
97 
99 
97 
99 
97 
99 
97 
10058 
 77 	 412 
 1908
69 
83 
82 
81 
83 
82 
81 
83 
73 
81 
81 
66 
85 
83 
62 
81 
57 
83 
82 
81 
83 
82 
81 
83 
73 
81 
81 
66 
85 
83 
62 
81 
57 
83 
82 
81 
83 
82 
81 
83 
73 
81 
55 
81 
75 
79 
81 
75 
79 
82 
57 
75 
70 
72 
83 
82 
81 
83 
82 
81 
83 
73 
81 
81 
66 
85 
83 
62 
81 
57 
83 
82 
81 
83 
82 
81 
83 
73 
81 
55 
81 
75 
79 
81 
75 
79 
82 
81 
75 
79 
63 
80 
75 
70 
80 
75 
70 
80 
78 
70 
66 
83 
65 
86 
77 
66 
83 
63 
80 
75 
70 
80 
75 
70 
65 
77 
75 
65 
77 
66 
65 
77 
59 
65 
56 
75 
54 
80 
80 
80 
60 
68 
51 
80 
68 
68 
55 
77 
75 
78 
77 
79 
80 
71 
82 
54 
79 
71 
61 
79 
66 
70 
77 
79 
70 
81 
80 
82 
73 
79 
82 
85 
58 
82 
58 
81 
63 
81 
79 
65 
81 
81 
55 
81 
79 
66 
81 
81 
63 
81 
79 
66 
81 
81 
59 
81 
79 
66 
81 
81 
59 
81 
79 
66 
81 
81 
59 
81 
79 
66 
81 
69 
83 
82 
81 
83 
82 
81 
83 
73 
81 
81 
66 
85 
83 
62 
81 
57 
83 
82 
81 
83 
82 
81 
83 
73 
81 
81 
66 
85 
83 
62 
81 
57 
83 
82 
81 
83 
82 
81 
83 
73 
81 
55 
81 
75 
79 
81 
75 
79 
82 
57 
75 
70 
72 
83 
82 
81 
83 
82 
81 
83 
73 
81 
81 
66 
85 
83 
62 
81 
57 
83 
82 
81 
83 
82 
81 
83 
73 
81 
55 
81 
75 
79 
81 
75 
79 
82 
81 
75 
79 
63 
80 
75 
70 
80 
75 
70 
80 
78 
70 
66 
83 
65 
86 
77 
66 
83 
63 
80 
75 
70 
80 
75 
70 
65 
77 
75 
65 
77 
66 
65 
77 
59 
65 
56 
75 
54 
80 
80 
80 
60 
68 
51 
80 
68 
68 
54 
66 
48 
68 
66 
66 
50 
70 
63 
75 
70 
76 
75 
68 
79 
51 
80 
68 
50 
76 
54 
75 
70 
68 
75 
70 
76 
79 
70 
80 
56 
82 
76 
79 
66 
70 
60 
70 
76 
66 
70 
75 
61 
75 
68 
63 
75 
70 
60 
70 
76 
66 
70 
75 
61 
75 
68 
63 
75 
75 
61 
75 
68 
63 
75 
75 
61 
75 
68 
63 
75 
53 
51 
47 
31 
10059 
 77 	 124 
 1908
54 
51 
54 
53 
51 
47 
61 
66 
61 
54 
51 
53 
62 
65 
62 
54 
51 
54 
53 
51 
47 
61 
66 
61 
54 
51 
53 
47 
64 
65 
61 
55 
49 
50 
64 
60 
62 
53 
56 
55 
56 
67 
76 
65 
68 
50 
65 
56 
55 
56 
55 
56 
67 
68 
65 
62 
63 
66 
69 
63 
62 
65 
67 
68 
62 
63 
69 
62 
68 
67 
64 
71 
64 
70 
64 
70 
69 
82 
74 
83 
68 
71 
65 
64 
62 
76 
74 
64 
67 
73 
66 
67 
57 
66 
64 
62 
60 
67 
62 
60 
62 
67 
66 
52 
67 
66 
52 
67 
66 
52 
67 
66 
52 
67 
66 
52 
64 
60 
64 
60 
64 
60 
56 
57 
10060 
 77 	 324 
 1908
68 
74 
69 
63 
69 
68 
66 
65 
66 
68 
66 
65 
63 
62 
63 
62 
69 
72 
71 
65 
66 
65 
69 
63 
68 
74 
69 
63 
69 
68 
66 
65 
66 
68 
66 
65 
63 
62 
63 
62 
69 
72 
71 
65 
72 
71 
68 
66 
65 
69 
63 
64 
67 
70 
75 
69 
67 
70 
64 
69 
67 
64 
63 
69 
61 
63 
64 
63 
69 
72 
70 
64 
62 
68 
70 
69 
63 
64 
67 
70 
75 
69 
67 
64 
69 
70 
63 
67 
69 
63 
67 
64 
63 
61 
63 
61 
67 
69 
72 
70 
69 
67 
65 
63 
66 
70 
64 
62 
68 
70 
69 
63 
68 
74 
69 
63 
69 
68 
66 
65 
66 
68 
66 
65 
63 
62 
63 
62 
69 
72 
71 
65 
66 
65 
69 
63 
67 
69 
66 
72 
76 
70 
73 
69 
70 
67 
64 
63 
69 
70 
77 
76 
75 
73 
72 
71 
76 
70 
77 
76 
72 
68 
67 
71 
76 
70 
63 
64 
65 
64 
63 
61 
60 
61 
64 
69 
72 
71 
70 
67 
64 
69 
63 
63 
57 
62 
69 
63 
69 
68 
66 
65 
66 
68 
66 
65 
63 
62 
63 
62 
69 
72 
71 
65 
66 
65 
63 
62 
66 
65 
69 
63 
70 
69 
70 
71 
72 
75 
79 
78 
71 
74 
70 
70 
69 
70 
71 
72 
76 
80 
79 
78 
71 
75 
74 
70 
70 
71 
72 
74 
77 
76 
77 
85 
84 
82 
81 
77 
80 
74 
79 
77 
78 
76 
77 
75 
70 
67 
64 
69 
63 
69 
68 
66 
65 
66 
68 
66 
65 
63 
62 
63 
62 
69 
72 
71 
65 
66 
65 
69 
63 
79 
85 
80 
74 
77 
83 
78 
70 
81 
76 
75 
73 
74 
72 
73 
71 
70 
66 
65 
69 
68 
66 
65 
64 
63 
62 
69 
73 
72 
71 
65 
66 
65 
69 
63 
61 
63 
67 
64 
69 
63 
65 
63 
10061 
 77 	 199 
 1908
101 
105 
104 
100 
103 
100 
97 
90 
93 
85 
86 
89 
96 
102 
107 
106 
103 
100 
99 
96 
93 
97 
94 
90 
88 
87 
85 
72 
71 
70 
101 
105 
104 
100 
103 
100 
96 
90 
93 
86 
84 
83 
82 
80 
105 
108 
107 
104 
101 
105 
104 
98 
100 
103 
101 
96 
90 
93 
86 
85 
84 
83 
82 
83 
84 
89 
95 
100 
110 
109 
107 
105 
103 
100 
96 
99 
93 
88 
87 
86 
85 
72 
71 
70 
107 
110 
109 
106 
108 
112 
111 
105 
110 
109 
106 
105 
104 
98 
103 
100 
96 
101 
105 
104 
100 
103 
100 
96 
90 
93 
89 
87 
86 
84 
83 
84 
83 
82 
81 
105 
108 
107 
104 
101 
105 
104 
98 
100 
103 
100 
96 
90 
93 
86 
85 
84 
83 
84 
83 
82 
81 
80 
79 
76 
77 
80 
83 
85 
90 
93 
99 
106 
116 
114 
110 
108 
107 
105 
100 
102 
100 
99 
96 
93 
92 
91 
79 
78 
76 
75 
74 
98 
101 
100 
96 
95 
94 
98 
97 
93 
95 
92 
89 
93 
92 
86 
88 
91 
88 
84 
78 
81 
80 
74 
80 
74 
79 
74 
73 
