377	1.05714604148868
378	1.14211979067155
379	0.8503048131433019
380	1.0430337359989257
381	1.2919324310923372
382	0.6072982004452628
383	0.9730209139162082
384	1.0198369911768097
385	0.7539874948807946
386	1.6575871542794776
387	1.5993351340239734
388	1.0784483481505391
389	0.7666807963180193
390	1.0835078290543205
391	0.6295622776373108
392	1.2792480697704316
393	0.6264627719733915
394	0.6508301544028741
395	0.39661802055588263
396	0.8705481101878215
397	1.4321737839116009
398	0.4296491833411636
399	2.157972945608175
400	1.019080972365121
401	0.5761421922893437
402	1.303100716830658
403	0.893374966834825
404	1.0802874318816873
405	0.5511209321822991
406	0.7097840702172233
407	1.2583533119984098
408	1.0381848706531938
409	0.9486796864241145
410	1.0545548779679652
411	1.0145982181490905
412	1.2555869883087383
413	0.5575146859792054
414	0.6991944100317874
415	0.7829292245417039
416	1.0134595899635375
417	0.8869266934467368
418	0.8681120091230282
419	0.7638526641717227
420	1.06158709173444
421	1.0064622167942727
422	0.6326365956353943
423	1.0741929819278735
424	2.8876771602736433
425	1.6459437868589186
426	0.5962032326491604
427	1.0670750975247645
428	1.0138068636217459
429	1.4792986542482691
430	1.5521852303734758
431	1.34517172498669
432	2.0164570075967445
433	1.031974120234917
434	1.4385121786404933
435	1.1089646643514184
436	1.2588316801852502
437	0.6411265213687556
438	1.5162985014337582
439	0.8276420254629124
440	0.7136042084234965
441	0.9839851407878191
442	2.6935782122059613
443	0.9410496128337823
444	0.890654504778048
445	0.3262227447804966
446	1.2335600283846848
447	2.010507540087913
448	0.8530998279392212
449	1.0429915624917467
450	1.179432283484845
451	0.46370096460440413
452	2.351103307196599
453	1.500824714225147
454	1.9812679421350339
455	0.7903803149184069
456	0.9660137330739151
457	0.613924980567131
458	1.5158484137990476
459	1.089635637743784
460	1.0376467220875023
461	1.0990801849959613
462	2.38046135069687
463	0.26675612350791894
464	0.8203437751302693
465	2.4259375028589956
466	1.0382092982279612
467	0.8111723709420261
468	0.6120010708238274
469	1.9360075189149655
470	2.1368078517528186
471	1.1271060568388716
472	0.5481324414615134
473	0.9771360648900796
474	1.540070528818642
475	0.6156458345946441
476	0.9613742322826835
477	0.7445408357181879
478	1.0677171506528624
479	1.0149524475504548
480	0.5411141850176675
481	0.740964551351171
482	0.7794668810396529
483	1.2403048638712646
484	0.6434880570820992
485	0.6614521581235822
486	0.8310052759001008
487	1.3307532202751942
488	1.3970939701234768
489	0.5452209929881336
490	1.0561709958758532
491	1.4007793163131923
492	3.378874953451324
493	1.5348683533404908
494	1.4769602195303644
495	1.6047426772116757
496	0.7140458621796905
497	0.804996414019192
498	1.4285100431775126
499	0.6099563374324242
500	0.8746244904890429
501	0.8837135514771337
502	0.5449019754446525
503	1.0482168927592939
504	0.8815742716013459
505	0.563025050639803
506	1.4381272702052994
507	1.4509387897627963
508	1.3705401933825885
509	0.80844925358464
510	0.9648017839675882
511	0.8682336086297756
512	2.239215364779113
513	2.314131731539554
514	0.6357861428055517
515	1.2158382244253843
516	1.009287401632125
517	1.9983340461284247
518	1.4030760277351289
519	1.1637027256682704
520	0.9497802020971029
521	0.7065355909463723
522	0.8367019403424147
523	1.6092726108903286
524	1.5510866822015463
525	3.0505382216237393
526	0.4388017265065932
527	0.677464050622595
528	2.3712404698566365
529	0.5261978974375113
530	0.9859979378801398
531	0.9591698263965959
532	2.6592543673507625
533	0.8508528832203364
534	1.2719417277582432
535	1.4876343398338088
536	1.6147235730462979
537	0.7574149105526446
538	0.580531071370679
539	1.7421385220577632
540	0.6577047447980242
541	0.5830988750314359
542	1.30468594016143
543	0.849729830600987
544	0.5592887413986357
545	1.1502486478336207
546	0.26368508908795596
547	1.2498578753429355
548	1.2476673183830376
549	1.0557536803147818
550	1.4618416039427211
551	0.8043346151752505
552	0.4919692910099612
553	1.33603209007451
554	0.5790637226133835
555	0.9468885260875988
556	0.8809000403407435
557	0.7385773505740648
558	1.0382040535307153
559	0.7342796305720046
560	0.4184095963954661
561	1.2295852595841317
562	1.042798902487289
563	0.5003529463099267
564	0.3139374748551746
565	0.5798343888080529
566	1.374604026402003
567	0.8655534000084448
568	1.404864378588756
569	1.3739363808983078
570	0.6339839864321117
571	0.7776195255008258
572	0.7667241075670852
573	0.38019810775971874
574	4.396888921476965
575	1.2842311465281262
576	1.4664159894854785
577	2.6394557225134245
578	1.1735021497412899
579	0.8206870490934987
580	0.9755096615926544
581	3.513846789758059
582	2.104152837112769
583	1.0898099985717526
584	1.129823902743384
585	0.8437150040755523
586	0.6471932200392332
587	1.0895607603614341
588	1.1231683495923421
589	0.5821954474742982
590	0.918113536292446
591	0.7436308099951083
592	0.7546577268696063
593	0.519725371945156
594	1.8149226909316367
595	2.5417976750384907
596	2.6476630409764828
597	0.8458841025211329
598	1.0264659095797617
599	0.26309132853388983
600	0.6536256764787233
601	0.649329677003569
602	0.9098093835384016
603	0.8879748122089484
604	0.6089123503040158
605	1.0006877007688297
606	1.2805819450049882
607	1.1795371787563498
608	0.9472912537814302
609	0.5207697191604078
610	0.9145275920505563
611	0.9591074187445795
612	0.8776343051152927
613	0.9528640066948476
614	0.638050413210454
615	0.9683085084744334
616	0.5419013325967824
617	0.532313816931062
618	1.740409223164688
619	0.4350311865414421
620	0.5434286409272541
621	1.1555076495009764
622	0.7097938488081981
623	1.325628150002763
624	0.6319266620232052
625	0.9399416809410568
626	1.6121308587195928
627	0.6653276047181677
628	0.6263559480762052
629	0.9082827553032181
630	1.244788411331238
631	0.7872614063700263
632	1.8861345156296656
633	0.9011176941036212
634	1.3771235346073583
635	2.9838207403609838
636	1.189732200650229
637	0.8223542145934466
638	1.9207795186457104
639	1.4980164971033352
640	0.4958767250244333
641	0.855573926533903
642	1.0800181240218643
643	5.446229085281899
644	1.3592086677112052
645	0.8911176215011378
646	0.6882158172989662
647	1.0609394359537345
648	1.1231010920245514
649	0.7281343359937811
650	0.887052673154253
651	0.65706707456088
652	0.8719184264626042
653	0.4940623684908872
654	1.950989896797835
655	1.6994009126784242
656	1.7268826077338786
657	1.3554523957164712
658	1.1394962659990215
659	1.986297878153417
660	1.7935342749085839
661	1.0873057639451258
662	0.8166304602701069
663	1.1944804964974145
664	1.4857389014570108
665	0.6127068651568557
666	1.0775750220516007
667	0.8278076156603764
668	0.8035282205877218
669	0.6626407720745767
670	1.547264889817185
671	1.133253027504104
672	0.9159960521687859
673	0.884256210702486
674	1.0397372939478327
675	1.064418037229425
676	0.7824141548216333
677	1.441795577466583
678	1.142110503810738
679	0.7692766952569996
680	1.537601091424126
681	1.0407533248921994
682	4.887342617207202
683	1.700250286440926
684	0.6714728508677567
685	1.4319063450868494
686	1.4792323048242302
687	0.9445126981482451
688	0.9329433194778268
689	1.3688093673523223
690	1.1513063349857173
691	1.1389252455476522
692	0.29036099321875225
693	0.6312104852363419
694	1.4199340157440803
695	1.1071935037818432
696	0.7655718997624601
697	0.30135032069057416
698	0.6518173624481263
699	0.9325366542183358
700	0.6496280666722866
701	1.9180105366924485
702	1.096087998011167
