14
16
12
14
15
13
11
13
14
15
15
11
13
14
11
15
15
15
14
14
16
13
14
12
15
16
16
13
13
15
14
20
12
12
14
13
11
11
12
12
12
13
14
12
15
16
16
12
13
16
11
14
16
13
11
13
12
14
15
14
10
13
13
12
13
16
16
14
13
14
16
12
14
11
14
15
15
16
12
14
16
14
12
12
12
12
16
13
12
10
14
13
13
14
11
13
14
11
9
14
12
12
12
11
11
13
11
12
14
12
12
11
11
11
15
12
11
15
17
18
13
13
11
13
13
13
13
13
14
17
15
18
14
16
14
16
14
14
16
16
13
15
15
15
15
13
13
15
12
10
12
12
12
15
14
10
12
14
12
15
12
13
12
14
15
14
13
14
15
11
14
14
13
16
12
12
13
13
11
11
12
13
13
12
15
14
13
12
14
15
17
15
13
11
11
18
10
14
14
15
12
9
11
11
12
14
12
13
12
12
13
14
13
15
18
13
14
11
10
12
15
13
13
12
15
11
12
13
12
11
13
14
15
11
13
14
15
11
13
13
12
12
11
12
12
12
12
13
13
11
11
9
13
11
10
11
12
14
15
15
15
12
14
15
16
14
14
14
17
13
13
14
14
12
12
13
12
14
15
14
13
15
12
12
15
15
16
10
14
14
15
12
12
11
15
13
18
15
14
16
13
13
13
14
15
12
12
10
12
13
12
10
11
14
14
12
11
15
21
15
14
14
17
11
15
13
