703	0.17293233082706766
704	0.10638297872340426
705	0.06440677966101695
706	0.022222222222222223
707	0.061946902654867256
708	0.019801980198019802
709	0.05521472392638037
710	0.2916666666666667
711	0.02097902097902098
712	0.0794979079497908
713	0.009259259259259259
714	0.06715063520871144
715	0.05202312138728324
716	0.02512562814070352
717	0.02857142857142857
718	0.07692307692307693
719	0.19
720	0.021834061135371178
721	0.046296296296296294
722	0.07792207792207792
723	0.08571428571428572
724	0.035398230088495575
725	0.09859154929577464
