31
35
31
17
19
24
22
22
17
28
34
31
35
37
31
32
15
15
14
15
19
20
14
19
18
21
21
20
17
17
19
24
18
20
22
19
20
22
18
24
23
22
20
39
44
41
39
39
46
47
45
37
31
35
37
30
39
34
34
32
31
37
32
33
35
31
33
32
31
29
34
34
29
30
35
27
34
32
34
33
35
33
33
33
33
33
33
33
33
33
26
30
21
24
26
32
27
24
25
26
29
27
31
29
31
31
32
29
27
28
29
26
29
27
28
29
27
26
30
26
36
31
30
30
30
34
27
31
24
31
34
36
34
34
31
30
37
44
25
26
32
30
29
25
27
25
29
27
30
34
28
22
34
26
19
11
24
24
15
14
25
26
31
29
27
27
35
27
23
44
22
18
24
22
13
31
33
33
27
33
16
17
23
