32
43
29
34
18
29
25
20
28
30
20
23
26
32
30
34
23
30
24
22
24
20
24
30
21
26
32
28
27
38
24
28
27
24
29
31
30
42
22
29
23
22
30
29
19
23
18
33
32
19
12
24
27
18
20
26
16
23
24
26
23
26
23
30
36
31
15
23
19
16
15
19
31
37
42
21
26
24
29
26
46
29
38
30
34
19
35
29
41
21
34
32
27
24
19
29
32
19
24
28
26
25
22
22
35
30
27
24
24
17
34
31
31
34
35
24
40
38
38
29
34
26
33
29
37
31
35
25
32
29
28
22
29
25
18
26
33
18
33
22
27
24
31
38
37
29
31
24
36
20
21
31
34
32
37
28
31
31
45
28
23
38
31
35
29
37
14
26
33
20
30
31
21
28
26
21
22
25
24
34
33
23
30
24
29
21
19
33
26
33
31
32
35
18
30
28
35
27
22
28
29
20
30
26
30
