0.1984126984126984	0.4375	0.17543859649122806	0.1382636655948553	0.13636363636363635	0.12179487179487179	0.4074074074074074	0.17894736842105263	0.31313131313131315	0.11778290993071594	0.2786885245901639	0.13082706766917293	0.19727891156462585	0.1771117166212534	0.15789473684210525	0.06675062972292191	0.12158808933002481	0.11670480549199085	0.06698564593301436	0.09619686800894854	0.07050359712230216	0.11389236545682102	0.16556291390728478	0.03398692810457516	0.11666666666666667
0.17094017094017094	0.16129032258064516	0.23478260869565218	0.12738853503184713	0.3023255813953488	0.1360544217687075	0.3333333333333333	0.16129032258064516	0.23711340206185566	0.15883668903803133	0.15428571428571428	0.11848341232227488	0.23684210526315788	0.11351351351351352	0.3972602739726027	0.07269395235186317	0.14795918367346939	0.08610792192881746	0.041699449252557044	0.16595744680851063	0.09880239520958084	0.07571801566579635	0.10903426791277258	0.06391220142027114	0.18518518518518517
0.19008264462809918	0.38235294117647056	0.3148148148148148	0.20634920634920634	0.20634920634920634	0.12540192926045016	0.3584905660377358	0.1368421052631579	0.32608695652173914	0.0979498861047836	0.2	0.08294209702660407	0.19463087248322147	0.12105263157894737	0.2054794520547945	0.034524530587522716	0.08433734939759036	0.1053864168618267	0.08300395256916997	0.0893970893970894	0.10060975609756098	0.08168316831683169	0.15614617940199335	0.046094750320102434	0.1271186440677966
0.20987654320987653	0.35294117647058826	0.27102803738317754	0.12269938650306748	0.2	0.12658227848101267	0.14814814814814814	0.1407942238267148	0.16483516483516483	0.12141280353200883	0.1782178217821782	0.10015898251192369	0.2611464968152866	0.1260053619302949	0.35135135135135137	0.060794044665012405	0.14713216957605985	0.11337868480725624	0.07727975270479134	0.1598173515981735	0.10944527736131934	0.07850707850707851	0.2079207920792079	0.05967213114754098	0.1341991341991342
0.1721311475409836	0.2112676056338028	0.19642857142857142	0.16293929712460065	0.2222222222222222	0.17532467532467533	0.2982456140350877	0.10071942446043165	0.24210526315789474	0.11670480549199085	0.22916666666666666	0.11285266457680251	0.17482517482517482	0.15053763440860216	0.225	0.08406524466750313	0.18719211822660098	0.05497076023391813	0.08607198748043818	0.10609480812641084	0.09226190476190477	0.0888030888030888	0.10367892976588629	0.06424399740428294	0.1050228310502283
0.1282051282051282	0.31343283582089554	0.19298245614035087	0.15822784810126583	0.29508196721311475	0.1757188498402556	0.40350877192982454	0.17482517482517482	0.2727272727272727	0.1324200913242009	0.22279792746113988	0.09259259259259259	0.21568627450980393	0.14893617021276595	0.275	0.04559650218613367	0.13821138211382114	0.08990011098779134	0.07246376811594203	0.13596491228070176	0.09941520467836257	0.07142857142857142	0.1437908496732026	0.048177083333333336	0.20353982300884957
0.16317991631799164	0.36231884057971014	0.23728813559322035	0.19148936170212766	0.16923076923076924	0.13479623824451412	0.4230769230769231	0.12142857142857143	0.22448979591836735	0.1	0.24210526315789474	0.096875	0.19718309859154928	0.08446866485013624	0.2564102564102564	0.0661625708884688	0.0784313725490196	0.12413793103448276	0.05854049719326383	0.12638580931263857	0.1178343949044586	0.10292249047013977	0.12962962962962962	0.05283757338551859	0.1452991452991453
0.09836065573770492	0.23076923076923078	0.18181818181818182	0.09815950920245399	0.24615384615384617	0.13836477987421383	0.25	0.12195121951219512	0.1875	0.09930715935334873	0.16853932584269662	0.17295597484276728	0.2903225806451613	0.125	0.1724137931034483	0.06832298136645963	0.1674641148325359	0.09567198177676538	0.08752904725019364	0.1390728476821192	0.12172573189522343	0.07848101265822785	0.12804878048780488	0.05501618122977346	0.20535714285714285
0.14285714285714285	0.2727272727272727	0.25217391304347825	0.1743119266055046	0.1968503937007874	0.1826625386996904	0.2857142857142857	0.09965635738831616	0.2916666666666667	0.12037037037037036	0.2631578947368421	0.08268330733229329	0.1510791366906475	0.21329639889196675	0.2564102564102564	0.0661764705882353	0.1189873417721519	0.08237986270022883	0.06466876971608833	0.1349036402569593	0.08605341246290801	0.11462450592885376	0.15483870967741936	0.05851755526657997	0.16444444444444445
0.11764705882352941	0.2777777777777778	0.2982456140350877	0.12462006079027356	0.24444444444444444	0.1464968152866242	0.4074074074074074	0.16666666666666666	0.3111111111111111	0.12638580931263857	0.20634920634920634	0.1083969465648855	0.22699386503067484	0.13385826771653545	0.18518518518518517	0.06625	0.08068459657701711	0.08208092485549133	0.08056872037914692	0.15418502202643172	0.11764705882352941	0.0897597977243995	0.10638297872340426	0.048302872062663184	0.15418502202643172
0.16806722689075632	0.25	0.22935779816513763	0.10344827586206896	0.1875	0.09868421052631579	0.32075471698113206	0.18411552346570398	0.22916666666666666	0.15178571428571427	0.21348314606741572	0.16358024691358025	0.18055555555555555	0.10626702997275204	0.325	0.05458908218356329	0.10638297872340426	0.10904872389791183	0.07619795758051846	0.1331923890063425	0.09119496855345911	0.13846153846153847	0.08626198083067092	0.08771929824561403	0.13901345291479822
0.15418502202643172	0.2602739726027397	0.33980582524271846	0.12650602409638553	0.22137404580152673	0.11464968152866242	0.4642857142857143	0.18466898954703834	0.2	0.11009174311926606	0.116751269035533	0.0967741935483871	0.21333333333333335	0.11229946524064172	0.34177215189873417	0.055589492974954184	0.12219451371571072	0.0665163472378805	0.08763693270735524	0.12236286919831224	0.1184407796101949	0.07106598984771574	0.1346153846153846	0.07219251336898395	0.19298245614035087
0.1965065502183406	0.4444444444444444	0.2396694214876033	0.1566265060240964	0.1968503937007874	0.11688311688311688	0.21428571428571427	0.11439114391143912	0.23404255319148937	0.1550561797752809	0.15577889447236182	0.10105580693815988	0.19444444444444445	0.07532467532467532	0.3783783783783784	0.045369794903666875	0.09859154929577464	0.06271379703534778	0.07395498392282958	0.12608695652173912	0.07761194029850746	0.1096938775510204	0.16447368421052633	0.09033078880407125	0.22790697674418606
0.136	0.3333333333333333	0.1864406779661017	0.12658227848101267	0.25547445255474455	0.22929936305732485	0.3103448275862069	0.12162162162162163	0.24210526315789474	0.1288888888888889	0.20689655172413793	0.13237639553429026	0.2702702702702703	0.16666666666666666	0.22666666666666666	0.059113300492610835	0.15736040609137056	0.09617612977983778	0.06965572457966374	0.1069182389937107	0.0950354609929078	0.1407035175879397	0.1509433962264151	0.0559254327563249	0.15454545454545454
0.18875502008032127	0.3235294117647059	0.3394495412844037	0.1456953642384106	0.12903225806451613	0.1362126245847176	0.39285714285714285	0.21649484536082475	0.1875	0.11943793911007025	0.10752688172043011	0.14200298953662183	0.17567567567567569	0.1989100817438692	0.2727272727272727	0.08524173027989822	0.12560386473429952	0.12211981566820276	0.06443914081145585	0.12719298245614036	0.11304347826086956	0.1100123609394314	0.10610932475884244	0.06542056074766354	0.17370892018779344
0.09322033898305085	0.323943661971831	0.21212121212121213	0.16408668730650156	0.2283464566929134	0.17901234567901234	0.4444444444444444	0.15942028985507245	0.23404255319148937	0.12702078521939955	0.25252525252525254	0.08411214953271028	0.13725490196078433	0.10182767624020887	0.2894736842105263	0.06892230576441102	0.14357682619647355	0.0896551724137931	0.08452950558213716	0.06306306306306306	0.10939907550077041	0.07435897435897436	0.12658227848101267	0.047066408768536426	0.14285714285714285
0.16317991631799164	0.2571428571428571	0.23214285714285715	0.16516516516516516	0.2366412213740458	0.167192429022082	0.4642857142857143	0.11827956989247312	0.2727272727272727	0.12585812356979406	0.22	0.1271585557299843	0.17647058823529413	0.15485564304461943	0.3411764705882353	0.07081807081807082	0.09859154929577464	0.07399103139013453	0.07028753993610223	0.09166666666666666	0.10778443113772455	0.10466582597730138	0.1353135313531353	0.05813953488372093	0.14027149321266968
0.21161825726141079	0.37142857142857144	0.21052631578947367	0.15337423312883436	0.208955223880597	0.0926517571884984	0.3333333333333333	0.12110726643598616	0.2391304347826087	0.17960088691796008	0.17045454545454544	0.10153846153846154	0.2112676056338028	0.10182767624020887	0.28	0.10054844606946983	0.09359605911330049	0.08577878103837472	0.05106048703849175	0.1440677966101695	0.06505295007564296	0.0810126582278481	0.13071895424836602	0.04743339831059129	0.19642857142857142
0.175	0.42028985507246375	0.30158730158730157	0.09740259740259741	0.17557251908396945	0.14826498422712933	0.2830188679245283	0.1347517730496454	0.22772277227722773	0.09846827133479212	0.23809523809523808	0.10094637223974763	0.2	0.11653116531165311	0.2972972972972973	0.07098381070983811	0.0979381443298969	0.11441647597254005	0.07755102040816327	0.10714285714285714	0.10911808669656203	0.12093628088426528	0.1509433962264151	0.051655629139072845	0.125
0.15352697095435686	0.2894736842105263	0.23728813559322035	0.12852664576802508	0.2440944881889764	0.18210862619808307	0.2	0.10104529616724739	0.23711340206185566	0.09865470852017937	0.20212765957446807	0.10301109350237718	0.21379310344827587	0.24383561643835616	0.37662337662337664	0.0670807453416149	0.1625615763546798	0.11059907834101383	0.05445935280189424	0.15948275862068967	0.125193199381762	0.10765239948119326	0.18181818181818182	0.07792207792207792	0.12931034482758622
