2475	0.4588235294117647
2476	0.3
2477	0.2084006462035541
2478	0.250996015936255
2479	0.291044776119403
2480	0.3615023474178404
2481	0.30424528301886794
2482	0.10918544194107452
2483	0.22966507177033493
2484	0.225
2485	0.44285714285714284
2486	0.16774193548387098
2487	0.3310810810810811
2488	0.368944099378882
2489	0.3333333333333333
2490	0.16163793103448276
2491	0.336734693877551
2492	0.20353982300884957
2493	0.43859649122807015
2494	0.31240188383045525
2495	0.2863595302619693
2496	0.5666666666666667
2497	0.29411764705882354
2498	0.20833333333333334
2499	0.10421286031042129
2500	0.569060773480663
2501	0.30718954248366015
2502	0.397196261682243
2503	0.37320574162679426
2504	0.28735632183908044
2505	0.20600272851296045
2506	0.18947368421052632
2507	0.6047430830039525
2508	0.1588785046728972
2509	0.4
2510	0.2670157068062827
2511	0.30756302521008405
2512	0.2868217054263566
2513	0.38181818181818183
2514	0.25259515570934254
2515	0.30196078431372547
2516	0.14018691588785046
2517	0.24406047516198703
2518	0.559322033898305
2519	0.6123595505617978
2520	0.2275132275132275
2521	0.3082706766917293
2522	0.3349875930521092
2523	0.2830188679245283
2524	0.31958762886597936
2525	0.24285714285714285
2526	0.3953488372093023
2527	0.25501432664756446
2528	0.26744186046511625
2529	0.35094339622641507
2530	0.37166324435318276
2531	0.38317757009345793
2532	0.3333333333333333
2533	0.12040133779264214
2534	0.2087912087912088
2535	0.2489451476793249
2536	0.16666666666666666
2537	0.43337334933973587
2538	0.3686200378071834
2539	0.35450819672131145
2540	0.1751412429378531
2541	0.33678756476683935
2542	0.24561403508771928
2543	0.3739130434782609
2544	0.30914826498422715
2545	0.29541284403669726
2546	0.260233918128655
2547	0.29296875
2548	0.1956521739130435
2549	0.12220309810671257
2550	0.5813953488372093
2551	0.1721311475409836
2552	0.15942028985507245
2553	0.24282982791587
2554	0.4020618556701031
2555	0.4377104377104377
2556	0.42857142857142855
2557	0.14780600461893764
2558	0.1891891891891892
2559	0.3414141414141414
2560	0.17871759890859482
2561	0.396584440227704
2562	0.2975871313672922
2563	0.143646408839779
2564	0.2743362831858407
2565	0.3146417445482866
2566	0.2920353982300885
2567	0.5
2568	0.17391304347826086
2569	0.37658227848101267
2570	0.2663755458515284
2571	0.2554112554112554
2572	0.40186915887850466
2573	0.15803814713896458
2574	0.3107344632768362
2575	0.2097902097902098
2576	0.33668341708542715
2577	0.4152542372881356
2578	0.38636363636363635
2579	0.2350597609561753
2580	0.2751677852348993
2581	0.16216216216216217
2582	0.3179190751445087
2583	0.6170212765957447
2584	0.25742574257425743
2585	0.24786324786324787
2586	0.5853658536585366
2587	0.3957703927492447
2588	0.5398230088495575
2589	0.3030927835051546
2590	0.273542600896861
2591	0.36585365853658536
2592	0.36807817589576547
2593	0.12574850299401197
2594	0.2
2595	0.16363636363636364
2596	0.6721311475409836
2597	0.1885245901639344
2598	0.1267605633802817
2599	0.19148936170212766
2600	0.35294117647058826
2601	0.20898100172711573
2602	0.31970260223048325
2603	0.25217391304347825
2604	0.16412213740458015
2605	0.1759656652360515
2606	0.21951219512195122
2607	0.23265306122448978
2608	0.30935251798561153
2609	0.08701134930643127
2610	0.37209302325581395
2611	0.4666666666666667
2612	0.14040114613180515
2613	0.25308641975308643
2614	0.18885448916408668
2615	0.47540983606557374
2616	0.20754716981132076
2617	0.18660287081339713
2618	0.40476190476190477
2619	0.33532934131736525
2620	0.3616580310880829
2621	0.36752136752136755
2622	0.2222222222222222
2623	0.1994949494949495
2624	0.3298429319371728
2625	0.18691588785046728
2626	0.4619883040935672
2627	0.41232227488151657
2628	0.1497005988023952
2629	0.41284403669724773
2630	0.17445838084378562
2631	0.279317697228145
2632	0.1780821917808219
2633	0.271523178807947
2634	0.4380952380952381
2635	0.14982578397212543
2636	0.20618556701030927
2637	0.3152804642166344
2638	0.18055555555555555
2639	0.3142857142857143
2640	0.25722145804676755
2641	0.24731182795698925
2642	0.3556231003039514
2643	0.3006134969325153
2644	0.1608832807570978
2645	0.2838427947598253
2646	0.27167630057803466
2647	0.2903225806451613
2648	0.24848484848484848
2649	0.19658119658119658
2650	0.26101694915254237
2651	0.2739273927392739
2652	0.24691358024691357
2653	0.33905579399141633
2654	0.2403846153846154
2655	0.2290909090909091
2656	0.1440677966101695
2657	0.32515337423312884
2658	0.20086393088552915
2659	0.4457831325301205
2660	0.3350125944584383
2661	0.18228279386712096
2662	0.3150684931506849
2663	0.40869565217391307
2664	0.30293159609120524
2665	0.3701657458563536
2666	0.21678321678321677
2667	0.21895424836601307
2668	0.3465346534653465
2669	0.25984251968503935
2670	0.3333333333333333
2671	0.3244444444444444
2672	0.2
2673	0.27848101265822783
2674	0.17525773195876287
2675	0.29442970822281167
2676	0.25547445255474455
2677	0.265625
2678	0.30250990752972257
2679	0.2204724409448819
2680	0.36363636363636365
2681	0.2698412698412698
2682	0.271523178807947
2683	0.3132530120481928
2684	0.18269230769230768
2685	0.3577981651376147
2686	0.30434782608695654
2687	0.3284313725490196
2688	0.35723771580345287
2689	0.3157894736842105
2690	0.2283464566929134
2691	0.2737642585551331
2692	0.27835051546391754
2693	0.22285714285714286
2694	0.47101449275362317
2695	0.48520710059171596
2696	0.48936170212765956
2697	0.1511111111111111
2698	0.3181818181818182
2699	0.1568627450980392
2700	0.28776978417266186
2701	0.7647058823529411
2702	0.36923076923076925
2703	0.14285714285714285
2704	0.21306818181818182
2705	0.10826210826210826
2706	0.3253968253968254
2707	0.1919191919191919
2708	0.32098765432098764
2709	0.24378109452736318
2710	0.1794871794871795
2711	0.13442622950819672
2712	0.11290322580645161
2713	0.3524804177545692
2714	0.15693430656934307
2715	0.22253521126760564
2716	0.2755102040816326
2717	0.21505376344086022
2718	0.19285714285714287
2719	0.21264367816091953
2720	0.2796610169491525
2721	0.19779208831646733
2722	0.30666666666666664
2723	0.37184115523465705
2724	0.3047619047619048
2725	0.16723549488054607
2726	0.25925925925925924
2727	0.11280101394169835
2728	0.16806722689075632
2729	0.13214285714285715
2730	0.15273775216138327
2731	0.35319148936170214
2732	0.3133047210300429
2733	0.3100338218714769
2734	0.45081967213114754
2735	0.2645161290322581
2736	0.4368932038834951
2737	0.3310344827586207
2738	0.16129032258064516
2739	0.38095238095238093
2740	0.1387900355871886
2741	0.231622746185853
2742	0.17777777777777778
2743	0.281437125748503
2744	0.23880597014925373
2745	0.35563380281690143
2746	0.41529235382308843
2747	0.1953125
2748	0.4530612244897959
2749	0.19391634980988592
2750	0.44594594594594594
2751	0.22692307692307692
2752	0.2636363636363636
2753	0.6081081081081081
2754	0.2608695652173913
2755	0.3053435114503817
2756	0.2647352647352647
2757	0.4835680751173709
2758	0.16981132075471697
2759	0.35347432024169184
2760	0.2935323383084577
2761	0.25925925925925924
2762	0.27346938775510204
2763	0.22270742358078602
2764	0.12762520193861066
2765	0.41294964028776976
2766	0.4274661508704062
2767	0.17647058823529413
2768	0.3065134099616858
2769	0.13584905660377358
2770	0.30454545454545456
2771	0.2826086956521739
2772	0.14127423822714683
2773	0.46236559139784944
2774	0.2170439414114514
2775	0.4588235294117647
2776	0.15384615384615385
2777	0.3023255813953488
2778	0.2857142857142857
2779	0.3610062893081761
2780	0.09221902017291066
2781	0.32763532763532766
2782	0.24165029469548133
2783	0.23690773067331672
2784	0.3063063063063063
2785	0.3542319749216301
2786	0.13011152416356878
2787	0.2688588007736944
2788	0.22727272727272727
2789	0.16844349680170576
2790	0.21518987341772153
2791	0.32558139534883723
2792	0.4409937888198758
2793	0.15315315315315314
2794	0.2861736334405145
2795	0.14285714285714285
2796	0.30666666666666664
2797	0.3002610966057441
2798	0.22383252818035426
2799	0.20754716981132076
2800	0.3128834355828221
2801	0.41531322505800466
2802	0.4796747967479675
2803	0.3048780487804878
2804	0.309255079006772
2805	0.25555555555555554
2806	0.26990291262135924
2807	0.2465753424657534
2808	0.5689655172413793
2809	0.564276048714479
2810	0.49337748344370863
2811	0.19721577726218098
2812	0.47418967587034816
2813	0.4131944444444444
2814	0.1261101243339254
2815	0.20481927710843373
2816	0.34004024144869216
2817	0.2618629173989455
2818	0.2540045766590389
2819	0.1907514450867052
2820	0.2691029900332226
2821	0.48041237113402063
2822	0.33574007220216606
2823	0.2392638036809816
2824	0.34285714285714286
2825	0.2839506172839506
2826	0.3199195171026157
2827	0.42857142857142855
2828	0.2078559738134206
2829	0.2938775510204082
2830	0.11830357142857142
2831	0.35353535353535354
2832	0.3142857142857143
2833	0.2736842105263158
2834	0.23486682808716708
2835	0.13803680981595093
2836	0.24453280318091453
2837	0.32193732193732194
2838	0.31868131868131866
2839	0.41818181818181815
2840	0.2
2841	0.15217391304347827
2842	0.26147704590818366
2843	0.4230769230769231
2844	0.16379310344827586
2845	0.2198581560283688
2846	0.24503311258278146
2847	0.38228941684665224
2848	0.19281045751633988
2849	0.35278514588859416
2850	0.25059665871121717
2851	0.11864406779661017
2852	0.5342465753424658
2853	0.24742268041237114
2854	0.38028169014084506
2855	0.23684210526315788
2856	0.4031746031746032
2857	0.2962962962962963
2858	0.7167235494880546
2859	0.12244897959183673
2860	0.40594059405940597
2861	0.3258426966292135
2862	0.46296296296296297
2863	0.28735632183908044
2864	0.2870201096892139
2865	0.36258064516129035
2866	0.36363636363636365
2867	0.1104199066874028
2868	0.4641509433962264
2869	0.27816091954022987
2870	0.3427230046948357
2871	0.12585812356979406
2872	0.1745776347546259
2873	0.1811158798283262
2874	0.27165354330708663
2875	0.4034229828850856
2876	0.2813141683778234
2877	0.5462686567164179
2878	0.4156171284634761
2879	0.3333333333333333
2880	0.424
2881	0.32222222222222224
2882	0.31620553359683795
2883	0.45544554455445546
2884	0.10904872389791183
2885	0.25910064239828695
2886	0.19077568134171907
2887	0.3801452784503632
2888	0.4434250764525994
2889	0.29908256880733947
2890	0.22495274102079396
2891	0.4492753623188406
2892	0.26147704590818366
2893	0.2764227642276423
2894	0.2727272727272727
2895	0.3146853146853147
2896	0.1347248576850095
2897	0.26627218934911245
2898	0.5389221556886228
2899	0.2968036529680365
2900	0.22505800464037123
2901	0.22371967654986524
2902	0.3898916967509025
2903	0.2833333333333333
2904	0.3745583038869258
2905	0.2711864406779661
2906	0.19745222929936307
2907	0.29310344827586204
2908	0.34306569343065696
2909	0.42142857142857143
2910	0.09794437726723096
2911	0.23699421965317918
2912	0.35628227194492257
2913	0.5384615384615384
2914	0.17391304347826086
2915	0.3743016759776536
2916	0.34502923976608185
2917	0.2827586206896552
2918	0.21584699453551912
2919	0.33763440860215055
2920	0.28270042194092826
2921	0.5967302452316077
2922	0.13989637305699482
2923	0.125
2924	0.2140921409214092
2925	0.47107438016528924
2926	0.3155080213903743
2927	0.2815533980582524
2928	0.3150684931506849
2929	0.4918032786885246
2930	0.371900826446281
2931	0.38860103626943004
2932	0.5
2933	0.22073578595317725
2934	0.2116991643454039
2935	0.2542372881355932
2936	0.48314606741573035
2937	0.4172661870503597
2938	0.1380952380952381
2939	0.19010416666666666
2940	0.25161290322580643
2941	0.3925619834710744
2942	0.2560386473429952
2943	0.35172413793103446
2944	0.3333333333333333
2945	0.42138364779874216
2946	0.2926829268292683
2947	0.46153846153846156
2948	0.4520547945205479
2949	0.3275217932752179
2950	0.3754646840148699
2951	0.3721973094170404
2952	0.26582278481012656
2953	0.3275862068965517
2954	0.4594594594594595
2955	0.4533762057877814
2956	0.18950437317784258
2957	0.1457286432160804
2958	0.5857988165680473
2959	0.4224137931034483
2960	0.14832535885167464
2961	0.15945945945945947
2962	0.4186046511627907
2963	0.26907630522088355
2964	0.2236842105263158
2965	0.15682967959527824
2966	0.3103448275862069
2967	0.34065934065934067
2968	0.375
2969	0.4576271186440678
2970	0.10044642857142858
2971	0.4275092936802974
2972	0.3403141361256545
2973	0.4175257731958763
2974	0.3803680981595092
2975	0.31543624161073824
2976	0.2332657200811359
2977	0.0962962962962963
2978	0.205
2979	0.48009367681498827
2980	0.3132832080200501
2981	0.1390728476821192
2982	0.37815126050420167
2983	0.35064935064935066
2984	0.4015267175572519
2985	0.4266666666666667
2986	0.3087557603686636
2987	0.30337078651685395
2988	0.36936936936936937
2989	0.27611940298507465
2990	0.21352313167259787
2991	0.18497109826589594
2992	0.2367601246105919
2993	0.27380952380952384
2994	0.2496124031007752
2995	0.3130434782608696
2996	0.4430379746835443
2997	0.22409638554216868
2998	0.248
2999	0.24817518248175183
3000	0.4262295081967213
3001	0.3690248565965583
3002	0.47313237221494103
3003	0.39226519337016574
3004	0.2454212454212454
3005	0.31843575418994413
3006	0.1111111111111111
3007	0.2492753623188406
3008	0.24260355029585798
3009	0.40860215053763443
3010	0.13348946135831383
3011	0.29533678756476683
3012	0.30434782608695654
3013	0.4215686274509804
3014	0.336283185840708
3015	0.2789317507418398
3016	0.39325842696629215
3017	0.14757103574702107
3018	0.35864978902953587
3019	0.27710843373493976
3020	0.3761467889908257
3021	0.34545454545454546
3022	0.43414634146341463
3023	0.19523099850968703
3024	0.23024054982817868
3025	0.3551912568306011
3026	0.26582278481012656
3027	0.5958762886597938
3028	0.32515337423312884
3029	0.15129151291512916
3030	0.29930394431554525
3031	0.3177570093457944
3032	0.15993537964458804
3033	0.41750358680057387
3034	0.17689530685920576
3035	0.0967741935483871
3036	0.10385756676557864
3037	0.22962962962962963
3038	0.2803030303030303
3039	0.36507936507936506
3040	0.13163972286374134
3041	0.3106796116504854
3042	0.19148936170212766
3043	0.2892561983471074
3044	0.367816091954023
3045	0.3821656050955414
3046	0.3825503355704698
3047	0.27629233511586454
3048	0.19298245614035087
3049	0.5222816399286988
3050	0.10961968680089486
3051	0.6048265460030166
3052	0.19796954314720813
3053	0.25210084033613445
3054	0.28110599078341014
3055	0.3263888888888889
3056	0.37037037037037035
3057	0.3284671532846715
3058	0.1653290529695024
3059	0.14736842105263157
3060	0.4606741573033708
3061	0.28403361344537814
3062	0.37751004016064255
3063	0.2877094972067039
3064	0.2653061224489796
3065	0.19101123595505617
3066	0.34444444444444444
3067	0.3573667711598746
3068	0.12128146453089245
3069	0.2773972602739726
3070	0.3925233644859813
3071	0.3333333333333333
