8
9
14
29
42
28
29
21
21
24
23
22
17
20
27
26
23
17
21
17
27
27
14
21
22
29
30
34
23
25
25
22
30
19
26
25
10
26
23
35
17
24
28
23
22
21
28
29
20
25
17
26
29
23
19
24
42
19
28
16
21
25
25
29
28
36
15
30
25
25
24
26
19
27
16
28
21
19
31
21
22
23
20
23
19
21
17
23
19
16
47
46
23
35
28
15
28
16
26
25
23
23
30
27
25
24
17
23
21
21
26
9
21
15
19
15
20
24
27
24
21
10
18
16
19
23
22
25
16
22
21
12
21
9
19
19
20
10
23
16
21
24
16
23
18
9
11
17
22
14
22
19
19
22
25
13
19
14
11
21
8
24
13
21
14
25
23
13
15
26
18
14
16
17
21
11
19
22
18
14
28
11
16
20
20
22
24
11
22
14
24
15
18
19
12
14
20
21
25
15
29
37
33
32
32
31
33
33
25
27
36
24
26
38
41
41
38
37
38
30
37
37
42
42
44
30
31
28
28
33
28
29
35
31
26
38
38
31
41
36
36
36
21
29
36
35
35
38
39
34
33
36
33
43
31
25
29
42
42
39
38
36
24
24
30
29
29
32
28
28
28
26
33
34
38
41
36
40
40
27
30
26
23
27
33
31
25
39
30
32
32
32
30
32
30
27
27
23
18
22
23
43
30
41
40
38
38
25
21
25
39
39
37
31
31
33
33
23
24
29
29
34
32
31
31
22
23
35
35
40
29
32
21
33
33
18
35
25
25
17
25
22
37
35
28
28
36
28
29
29
29
35
33
24
35
33
26
37
42
45
23
35
36
38
32
26
31
32
38
35
35
38
32
28
24
20
31
32
37
24
28
39
23
18
14
27
19
15
27
24
23
23
20
20
19
20
18
26
23
30
35
39
36
36
35
28
20
23
24
22
35
30
28
24
35
27
11
9
22
30
10
28
26
21
31
28
29
28
15
29
19
23
25
25
30
17
24
22
25
24
30
21
21
24
20
10
28
31
33
30
27
40
25
28
25
39
13
31
26
33
23
30
29
39
29
30
21
29
20
21
29
35
42
37
25
21
18
25
23
16
14
16
16
30
31
28
31
29
25
44
45
28
22
19
22
21
19
23
16
20
22
21
16
16
22
20
39
39
39
32
36
35
26
28
25
27
39
17
