35
32
33
35
39
29
40
38
39
36
32
31
35
38
37
43
37
42
37
38
37
29
42
24
38
45
38
41
41
41
42
42
41
40
38
43
34
28
39
40
28
34
33
31
45
41
28
39
40
28
32
34
30
35
35
39
30
39
37
39
36
31
35
38
37
44
37
42
37
37
37
43
43
23
35
31
36
33
38
31
33
22
41
23
36
36
36
41
35
42
44
39
40
40
37
40
39
41
36
38
32
36
32
36
34
25
31
29
38
33
29
34
34
42
38
29
33
37
35
28
34
22
36
38
36
38
37
40
33
42
39
39
39
37
41
29
24
39
39
29
33
33
41
32
33
39
36
32
43
35
37
39
39
39
38
43
40
36
39
40
38
39
38
43
39
47
40
40
35
37
38
35
35
41
43
42
38
36
39
41
38
39
46
35
39
32
38
33
36
34
35
28
38
28
28
37
36
28
41
29
36
38
36
41
25
29
36
33
34
28
30
35
33
44
40
39
40
37
29
30
37
34
37
42
46
42
32
33
45
40
32
36
42
38
35
39
40
38
41
34
31
35
42
35
41
44
43
45
29
32
35
34
41
37
44
36
43
41
39
40
32
43
43
31
44
40
47
40
36
37
43
36
39
35
43
39
37
35
38
28
40
43
40
41
34
36
38
40
38
40
41
43
41
38
32
44
37
43
42
45
36
44
41
40
40
43
37
38
38
47
44
43
31
40
35
34
34
35
27
38
36
34
34
42
37
33
28
24
27
28
30
29
34
29
35
44
42
48
38
38
39
32
29
41
36
32
38
39
30
29
33
35
33
34
35
34
34
43
38
26
35
43
39
37
26
38
33
34
38
34
38
24
41
37
29
30
38
34
37
38
36
35
30
26
35
42
32
27
40
35
38
34
38
33
34
35
39
48
47
38
35
37
38
37
48
38
34
38
38
39
47
30
37
32
45
39
34
28
32
34
35
34
43
39
40
29
37
42
42
40
29
40
26
40
36
48
36
38
35
38
36
33
43
44
50
50
40
35
38
36
35
48
31
39
32
40
32
34
42
35
44
39
42
44
38
37
41
52
39
33
45
34
27
37
39
42
42
40
29
37
45
33
42
44
38
39
41
38
35
36
40
36
39
33
31
48
51
39
40
45
32
43
47
40
45
28
39
36
42
48
35
45
31
32
31
40
34
40
33
50
47
40
39
36
38
39
50
46
41
35
38
34
35
41
35
48
37
43
37
33
46
39
39
42
36
38
36
37
33
49
39
46
41
38
39
35
34
38
38
49
39
34
36
43
40
34
38
38
42
34
33
44
41
39
38
34
51
38
37
35
42
41
36
43
36
36
34
44
47
38
47
44
46
36
51
39
37
