3080	0.02346368715083799
3081	0.12598425196850394
3082	0.2261904761904762
3083	0.039473684210526314
3084	0.09333333333333334
3085	0.03529411764705882
3086	0.058823529411764705
3087	0.31225296442687744
3088	0.17098445595854922
3089	0.059233449477351915
3090	0.05721393034825871
3091	0.04294478527607362
3092	0.06358381502890173
3093	0.08363636363636363
3094	0.2713178294573643
3095	0.06521739130434782
3096	0.03597122302158273
3097	0.07216494845360824
3098	0.0196078431372549
3099	0.07894736842105263
3100	0.04878048780487805
3101	0.12643678160919541
3102	0.12195121951219512
3103	0.04065040650406504
3104	0.10526315789473684
3105	0.12757201646090535
3106	0.027777777777777776
3107	0.08771929824561403
3108	0.056768558951965066
3109	0.08974358974358974
3110	0.046511627906976744
3111	0.08029197080291971
3112	0.03597122302158273
3113	0.026455026455026454
3114	0.08771929824561403
3115	0.1145374449339207
3116	0.037337662337662336
3117	0.05067064083457526
3118	0.11392405063291139
3119	0.05727699530516432
3120	0.012658227848101266
3121	0.05454545454545454
3122	0.3142857142857143
3123	0.48717948717948717
3124	0.02040816326530612
3125	0.041666666666666664
3126	0.09142857142857143
3127	0.13513513513513514
3128	0.007194244604316547
3129	0.02588235294117647
3130	0.013574660633484163
3131	0.004484304932735426
3132	0.06969205834683954
3133	0.024390243902439025
3134	0.07855626326963906
3135	0.08058608058608059
3136	0.004405286343612335
3137	0.0581039755351682
3138	0.05709342560553633
3139	0.01567398119122257
3140	0.02666666666666667
3141	0.09344490934449093
3142	0.02771855010660981
3143	0.05833905284831846
3144	0.06720977596741344
3145	0.05555555555555555
3146	0.04661280298321939
3147	0.02
3148	0.03875968992248062
3149	0.19101123595505617
3150	0.029411764705882353
3151	0.3157894736842105
3152	0.0
3153	0.0136986301369863
3154	0.0136986301369863
3155	0.22448979591836735
3156	0.06239168110918544
3157	0.02564102564102564
3158	0.15217391304347827
3159	0.075
3160	0.08771929824561403
3161	0.061224489795918366
3162	0.07368421052631578
3163	0.0
3164	0.018867924528301886
3165	0.17073170731707318
3166	0.0
3167	0.038461538461538464
3168	0.08860759493670886
3169	0.08860759493670886
3170	0.04
3171	0.04
3172	0.05714285714285714
3173	0.05714285714285714
3174	0.03184713375796178
3175	0.2328767123287671
3176	0.015873015873015872
3177	0.015873015873015872
3178	0.015873015873015872
3179	0.13725490196078433
3180	0.0
3181	0.12903225806451613
3182	0.1497005988023952
3183	0.1377245508982036
3184	0.3333333333333333
3185	0.3333333333333333
3186	0.18181818181818182
3187	0.22077922077922077
3188	0.0707070707070707
3189	0.07865168539325842
3190	0.2
3191	0.05084745762711865
3192	0.21311475409836064
3193	0.18309859154929578
3194	0.18309859154929578
3195	0.061224489795918366
3196	0.14285714285714285
3197	0.06930693069306931
3198	0.02631578947368421
3199	0.02631578947368421
3200	0.08196721311475409
3201	0.07692307692307693
3202	0.018867924528301886
3203	0.017543859649122806
3204	0.15270935960591134
3205	0.0
3206	0.07692307692307693
3207	0.023255813953488372
3208	0.10526315789473684
3209	0.07692307692307693
3210	0.014492753623188406
3211	0.0
3212	0.06976744186046512
3213	0.08771929824561403
3214	0.07246376811594203
3215	0.1377245508982036
3216	0.15789473684210525
3217	0.15789473684210525
3218	0.15555555555555556
3219	0.1452991452991453
3220	0.2112676056338028
3221	0.05
3222	0.01098901098901099
3223	0.23076923076923078
3224	0.125
3225	0.041666666666666664
3226	0.01098901098901099
3227	0.21951219512195122
3228	0.16279069767441862
3229	0.0684931506849315
3230	0.015384615384615385
3231	0.015384615384615385
3232	0.012048192771084338
3233	0.058823529411764705
3234	0.058823529411764705
3235	0.17142857142857143
3236	0.22955145118733508
3237	0.22955145118733508
3238	0.034482758620689655
3239	0.034482758620689655
3240	0.03333333333333333
3241	0.05405405405405406
3242	0.11627906976744186
3243	0.08695652173913043
3244	0.11904761904761904
3245	0.14285714285714285
3246	0.20833333333333334
3247	0.0
3248	0.16666666666666666
3249	0.10144927536231885
3250	0.07246376811594203
3251	0.17857142857142858
3252	0.32075471698113206
3253	0.15492957746478872
3254	0.05454545454545454
3255	0.05454545454545454
3256	0.05027932960893855
3257	0.14285714285714285
3258	0.16
3259	0.03333333333333333
3260	0.014492753623188406
3261	0.09090909090909091
3262	0.037037037037037035
3263	0.061224489795918366
3264	0.017543859649122806
3265	0.15384615384615385
3266	0.17391304347826086
3267	0.2653061224489796
3268	0.23076923076923078
3269	0.07407407407407407
3270	0.09090909090909091
3271	0.2328767123287671
3272	0.2328767123287671
3273	0.19540229885057472
3274	0.02824858757062147
3275	0.020242914979757085
3276	0.03225806451612903
3277	0.08333333333333333
3278	0.11578947368421053
3279	0.02564102564102564
3280	0.15789473684210525
3281	0.15384615384615385
3282	0.10344827586206896
3283	0.10344827586206896
3284	0.02127659574468085
3285	0.1388888888888889
3286	0.16216216216216217
3287	0.08333333333333333
3288	0.15555555555555556
3289	0.02631578947368421
3290	0.22448979591836735
3291	0.07894736842105263
3292	0.15
3293	0.1076923076923077
3294	0.13580246913580246
3295	0.05454545454545454
3296	0.1016949152542373
3297	0.1016949152542373
3298	0.0967741935483871
3299	0.10344827586206896
3300	0.010638297872340425
3301	0.04225352112676056
3302	0.1111111111111111
3303	0.1506849315068493
3304	0.16129032258064516
3305	0.0
3306	0.05793450881612091
3307	0.11065573770491803
3308	0.22448979591836735
3309	0.22448979591836735
3310	0.17425431711145997
3311	0.10344827586206896
3312	0.17928286852589642
3313	0.0784
3314	0.06896551724137931
3315	0.15384615384615385
3316	0.03225806451612903
3317	0.06382978723404255
3318	0.20930232558139536
3319	0.20930232558139536
3320	0.0
3321	0.011111111111111112
3322	0.011111111111111112
3323	0.18518518518518517
3324	0.16363636363636364
3325	0.05
3326	0.05
3327	0.1794871794871795
3328	0.014492753623188406
3329	0.15789473684210525
3330	0.09090909090909091
3331	0.07692307692307693
3332	0.0
3333	0.03571428571428571
3334	0.02857142857142857
3335	0.16455696202531644
3336	0.24528301886792453
3337	0.13432835820895522
3338	0.26436781609195403
3339	0.375
3340	0.046153846153846156
3341	0.24324324324324326
3342	0.041666666666666664
3343	0.014084507042253521
3344	0.05084745762711865
3345	0.02631578947368421
3346	0.04918032786885246
3347	0.04918032786885246
3348	0.04918032786885246
3349	0.16666666666666666
3350	0.08771929824561403
3351	0.08771929824561403
3352	0.16129032258064516
3353	0.0
3354	0.0
3355	0.2
3356	0.05263157894736842
3357	0.16455696202531644
3358	0.16455696202531644
3359	0.0136986301369863
3360	0.17073170731707318
3361	0.17073170731707318
3362	0.014084507042253521
3363	0.04225352112676056
3364	0.058823529411764705
3365	0.15151515151515152
3366	0.15151515151515152
3367	0.05128205128205128
3368	0.05128205128205128
3369	0.02127659574468085
3370	0.08771929824561403
3371	0.02631578947368421
3372	0.05454545454545454
3373	0.1016949152542373
3374	0.1016949152542373
3375	0.20588235294117646
3376	0.02564102564102564
3377	0.1509433962264151
3378	0.15151515151515152
3379	0.20588235294117646
3380	0.06329113924050633
3381	0.26153846153846155
3382	0.02040816326530612
3383	0.07407407407407407
3384	0.20634920634920634
3385	0.20634920634920634
3386	0.20634920634920634
3387	0.20634920634920634
3388	0.10526315789473684
3389	0.06493506493506493
3390	0.038461538461538464
3391	0.04
3392	0.0
3393	0.20634920634920634
3394	0.11627906976744186
3395	0.06666666666666667
3396	0.03225806451612903
3397	0.03225806451612903
3398	0.023255813953488372
3399	0.09433962264150944
3400	0.14893617021276595
3401	0.11864406779661017
3402	0.14754098360655737
3403	0.0684931506849315
3404	0.14814814814814814
3405	0.08
3406	0.12727272727272726
3407	0.034482758620689655
3408	0.04201680672268908
3409	0.0958904109589041
3410	0.06896551724137931
3411	0.13725490196078433
3412	0.060240963855421686
3413	0.047619047619047616
3414	0.10256410256410256
3415	0.02702702702702703
3416	0.06060606060606061
3417	0.1836734693877551
3418	0.0
3419	0.03355704697986577
3420	0.012345679012345678
3421	0.18032786885245902
3422	0.1111111111111111
3423	0.11827956989247312
3424	0.08387096774193549
3425	0.07142857142857142
3426	0.08387096774193549
3427	0.09803921568627451
3428	0.13253012048192772
3429	0.05405405405405406
3430	0.2903225806451613
3431	0.09433962264150944
3432	0.0
3433	0.0958904109589041
3434	0.07894736842105263
3435	0.043478260869565216
3436	0.14285714285714285
3437	0.18421052631578946
3438	0.018867924528301886
3439	0.2222222222222222
3440	0.13333333333333333
3441	0.058823529411764705
3442	0.1875
3443	0.07216494845360824
3444	0.07216494845360824
3445	0.23809523809523808
3446	0.013333333333333334
3447	0.046153846153846156
3448	0.13432835820895522
3449	0.09090909090909091
3450	0.1320754716981132
3451	0.29411764705882354
3452	0.23404255319148937
3453	0.16176470588235295
3454	0.08860759493670886
3455	0.037037037037037035
3456	0.24528301886792453
3457	0.0975609756097561
3458	0.14285714285714285
3459	0.024390243902439025
3460	0.027777777777777776
3461	0.09090909090909091
3462	0.13513513513513514
3463	0.017543859649122806
3464	0.08771929824561403
3465	0.2
3466	0.04
3467	0.13846153846153847
3468	0.1276595744680851
3469	0.19230769230769232
3470	0.08333333333333333
3471	0.125
3472	0.09090909090909091
3473	0.0684931506849315
3474	0.22033898305084745
3475	0.08108108108108109
3476	0.06329113924050633
3477	0.15
3478	0.12359550561797752
3479	0.009900990099009901
3480	0.1320754716981132
3481	0.014925373134328358
3482	0.07692307692307693
3483	0.14942528735632185
3484	0.15
3485	0.01098901098901099
3486	0.16
3487	0.18072289156626506
3488	0.02564102564102564
3489	0.23809523809523808
3490	0.023255813953488372
3491	0.042735042735042736
3492	0.11627906976744186
3493	0.2
3494	0.03614457831325301
3495	0.01818181818181818
3496	0.07272727272727272
3497	0.060240963855421686
3498	0.025
3499	0.12195121951219512
3500	0.09227871939736347
3501	0.03125
3502	0.0410958904109589
3503	0.2413793103448276
3504	0.2
3505	0.07692307692307693
3506	0.2
3507	0.08571428571428572
3508	0.02857142857142857
3509	0.047619047619047616
3510	0.13432835820895522
3511	0.14285714285714285
3512	0.0410958904109589
3513	0.022222222222222223
3514	0.1111111111111111
3515	0.03571428571428571
3516	0.2676056338028169
3517	0.16666666666666666
3518	0.21739130434782608
3519	0.01694915254237288
3520	0.012987012987012988
3521	0.1746031746031746
3522	0.047619047619047616
3523	0.2
3524	0.045454545454545456
3525	0.14285714285714285
3526	0.13636363636363635
3527	0.12359550561797752
3528	0.04
3529	0.19480519480519481
3530	0.16455696202531644
3531	0.2222222222222222
3532	0.02857142857142857
3533	0.0625
3534	0.35294117647058826
3535	0.04819277108433735
3536	0.10204081632653061
3537	0.023255813953488372
3538	0.07317073170731707
3539	0.06666666666666667
3540	0.1875
3541	0.11827956989247312
3542	0.1044776119402985
3543	0.11650485436893204
3544	0.03529411764705882
3545	0.1935483870967742
3546	0.1935483870967742
3547	0.012048192771084338
3548	0.11627906976744186
3549	0.0
3550	0.08771929824561403
3551	0.16923076923076924
3552	0.09375
3553	0.07894736842105263
3554	0.04225352112676056
3555	0.09433962264150944
3556	0.16981132075471697
3557	0.12
3558	0.19148936170212766
3559	0.0684931506849315
3560	0.13636363636363635
3561	0.10204081632653061
3562	0.043478260869565216
3563	0.10476190476190476
3564	0.23809523809523808
3565	0.0196078431372549
3566	0.045454545454545456
3567	0.0967741935483871
3568	0.02040816326530612
3569	0.05555555555555555
3570	0.12643678160919541
3571	0.02631578947368421
3572	0.14285714285714285
3573	0.3181818181818182
3574	0.17142857142857143
3575	0.04201680672268908
3576	0.024390243902439025
3577	0.2727272727272727
3578	0.018867924528301886
3579	0.1836734693877551
3580	0.12195121951219512
3581	0.28
3582	0.2608695652173913
3583	0.017543859649122806
3584	0.16666666666666666
3585	0.25
3586	0.12574850299401197
3587	0.3333333333333333
3588	0.025
3589	0.09803921568627451
3590	0.024390243902439025
3591	0.0
3592	0.0
3593	0.2830188679245283
3594	0.045454545454545456
3595	0.15789473684210525
3596	0.08571428571428572
3597	0.28205128205128205
3598	0.014925373134328358
3599	0.0684931506849315
3600	0.125
3601	0.05555555555555555
3602	0.014084507042253521
3603	0.02631578947368421
3604	0.045454545454545456
3605	0.1111111111111111
3606	0.1702127659574468
3607	0.05084745762711865
3608	0.2
3609	0.13253012048192772
3610	0.06432748538011696
3611	0.2558139534883721
3612	0.06060606060606061
3613	0.17307692307692307
3614	0.26848249027237353
3615	0.07987220447284345
3616	0.021148036253776436
3617	0.014492753623188406
3618	0.11267605633802817
3619	0.061654135338345864
3620	0.07052896725440806
3621	0.0407725321888412
3622	0.07881773399014778
3623	0.05928853754940711
3624	0.026595744680851064
3625	0.03095558546433378
3626	0.0750256937307297
3627	0.022332506203473945
3628	0.13136729222520108
3629	0.06810035842293907
3630	0.004761904761904762
3631	0.004761904761904762
3632	0.08943089430894309
3633	0.003289473684210526
3634	0.024134312696747113
3635	0.16371681415929204
3636	0.05740181268882175
3637	0.0
3638	0.05660377358490566
3639	0.03759398496240601
3640	0.17412935323383086
3641	0.017241379310344827
3642	0.013215859030837005
3643	0.005434782608695652
3644	0.06796116504854369
3645	0.05128205128205128
3646	0.06605922551252848
3647	0.12962962962962962
3648	0.030120481927710843
3649	0.04059040590405904
3650	0.005235602094240838
3651	0.041401273885350316
3652	0.08614232209737828
3653	0.06818181818181818
3654	0.00409724119093144
3655	0.020313406848520024
3656	0.053824362606232294
3657	0.05747126436781609
3658	0.06007067137809187
3659	0.009009009009009009
3660	0.015463917525773196
3661	0.013003095975232198
3662	0.032490974729241874
3663	0.13186813186813187
3664	0.03471074380165289
3665	0.05622236260265319
3666	0.07048458149779736
3667	0.023467070401211203
3668	0.09917355371900827
3669	0.1048951048951049
3670	0.05858585858585859
3671	0.03424056189640035
3672	0.012658227848101266
3673	0.02664298401420959
3674	0.018050541516245487
3675	0.029411764705882353
3676	0.08520179372197309
3677	0.00516795865633075
3678	0.0025575447570332483
3679	0.0035671819262782403
3680	0.01486988847583643
3681	0.039334341906202726
3682	0.005471956224350205
3683	0.03532008830022075
3684	0.020774845592363842
3685	0.016981132075471698
3686	0.01662049861495845
3687	0.022944550669216062
3688	0.04104104104104104
3689	0.011389521640091117
3690	0.01060070671378092
3691	0.023608768971332208
3692	0.05027932960893855
3693	0.006915629322268326
3694	0.028169014084507043
3695	0.012154696132596685
3696	0.019653179190751446
3697	0.004903105300023348
3698	0.003278688524590164
3699	0.024830699774266364
3700	0.07006369426751592
3701	0.0036496350364963502
3702	0.052307692307692305
3703	0.1454272863568216
3704	0.0064516129032258064
3705	0.03652517275419546
3706	0.0041592394533571005
3707	0.1383399209486166
3708	0.040380047505938245
3709	0.15544041450777202
3710	0.011375387797311272
3711	0.36654135338345867
3712	0.020758768790264854
3713	0.2292576419213974
3714	0.07662082514734773
3715	0.024291497975708502
3716	0.001610305958132045
3717	0.08668453976764968
3718	0.14398943196829592
3719	0.27482014388489207
3720	0.22171945701357465
3721	0.0021691973969631237
3722	0.07096774193548387
3723	0.07307692307692308
3724	0.009009009009009009
3725	0.029334730225248823
3726	0.08850289495450786
3727	0.05862068965517241
3728	0.015873015873015872
3729	0.038348082595870206
3730	0.13553113553113552
3731	0.009584664536741214
3732	0.01125703564727955
3733	0.061191626409017714
3734	0.18584070796460178
3735	0.07987220447284345
3736	0.02880658436213992
3737	0.12666666666666668
3738	0.14473684210526316
3739	0.044823906083244394
3740	0.06301369863013699
3741	0.10318949343339587
3742	0.0
3743	0.0625
3744	0.05128205128205128
3745	0.005813953488372093
3746	0.020316027088036117
3747	0.016476552598225603
3748	0.07802263251935676
3749	0.029411764705882353
3750	0.0234192037470726
3751	0.024701195219123506
3752	0.008849557522123894
3753	0.0958904109589041
3754	0.16502115655853314
3755	0.05307855626326964
3756	0.028811524609843937
3757	0.08120649651972157
3758	0.11979166666666667
3759	0.01437908496732026
3760	0.12871287128712872
3761	0.08047945205479452
3762	0.11926605504587157
3763	0.05226480836236934
3764	0.028037383177570093
3765	0.07518796992481203
3766	0.06135986733001658
3767	0.06260575296108291
3768	0.16510903426791276
3769	0.16510903426791276
3770	0.032679738562091505
3771	0.034055727554179564
3772	0.06666666666666667
3773	0.015873015873015872
3774	0.09347442680776014
3775	0.09481216457960644
3776	0.43915343915343913
3777	0.4461538461538462
3778	0.10843373493975904
3779	0.12020460358056266
3780	0.00684931506849315
3781	0.0
3782	0.01910828025477707
3783	0.02531645569620253
3784	0.062146892655367235
3785	0.06358381502890173
3786	0.07042253521126761
3787	0.2024353120243531
3788	0.193033381712627
3789	0.08651911468812877
3790	0.034482758620689655
3791	0.036855036855036855
3792	0.051248357424441525
3793	0.050576752440106475
3794	0.05530371713508613
3795	0.09547738693467336
3796	0.04499274310595065
3797	0.047895500725689405
3798	0.0473186119873817
3799	0.061224489795918366
3800	0.03664921465968586
3801	0.05521472392638037
3802	0.025925925925925925
3803	0.02877697841726619
3804	0.028901734104046242
3805	0.014164305949008499
3806	0.015558698727015558
3807	0.018439716312056736
3808	0.01529051987767584
3809	0.012578616352201259
3810	0.012269938650306749
3811	0.0037174721189591076
3812	0.011152416356877323
3813	0.018867924528301886
3814	0.056856187290969896
3815	0.008375209380234505
3816	0.015025041736227046
3817	0.018425460636515914
3818	0.0738255033557047
3819	0.05161290322580645
3820	0.013888888888888888
3821	0.1262135922330097
3822	0.152
3823	0.009174311926605505
3824	0.041237113402061855
3825	0.18956521739130436
3826	0.038461538461538464
3827	0.013574660633484163
3828	0.014736842105263158
3829	0.06351550960118169
3830	0.19072164948453607
3831	0.19072164948453607
3832	0.18309859154929578
3833	0.05443234836702955
3834	0.06646058732612056
3835	0.04309063893016345
3836	0.049429657794676805
3837	0.04743833017077799
3838	0.05860113421550094
3839	0.06501547987616099
3840	0.038560411311053984
3841	0.0031282586027111575
3842	0.10973084886128365
3843	0.11752577319587629
3844	0.10973084886128365
3845	0.2682926829268293
3846	0.07317073170731707
3847	0.04827586206896552
3848	0.02912621359223301
3849	0.13167259786476868
3850	0.013333333333333334
3851	0.16151202749140894
3852	0.28253968253968254
3853	0.0821256038647343
3854	0.010380622837370242
3855	0.12781954887218044
3856	0.09722222222222222
3857	0.10943396226415095
3858	0.3081761006289308
3859	0.07692307692307693
3860	0.016915814319433516
3861	0.013215859030837005
3862	0.040697674418604654
3863	0.08648648648648649
3864	0.09941520467836257
3865	0.1
3866	0.07234042553191489
3867	0.05723905723905724
3868	0.046153846153846156
3869	0.07012987012987013
3870	0.05555555555555555
3871	0.03151862464183381
3872	0.016091954022988506
3873	0.002364066193853428
3874	0.03910614525139665
3875	0.040740740740740744
3876	0.07692307692307693
3877	0.08967082860385925
3878	0.09297052154195011
3879	0.1794871794871795
3880	0.0440251572327044
3881	0.08496732026143791
3882	0.1419141914191419
3883	0.07766990291262135
3884	0.06796116504854369
3885	0.13183279742765272
3886	0.22966507177033493
3887	0.15081206496519722
3888	0.043209876543209874
3889	0.06017191977077364
3890	0.07654320987654321
3891	0.0932475884244373
3892	0.009259259259259259
3893	0.03167420814479638
3894	0.06628242074927954
3895	0.059907834101382486
3896	0.05434782608695652
3897	0.05925925925925926
3898	0.04294478527607362
3899	0.011764705882352941
3900	0.02631578947368421
3901	0.028846153846153848
3902	0.02107728337236534
3903	0.011904761904761904
3904	0.04597701149425287
3905	0.03763440860215054
3906	0.047957371225577264
3907	0.10121457489878542
3908	0.10121457489878542
3909	0.10121457489878542
3910	0.08950617283950617
3911	0.1322314049586777
3912	0.1322314049586777
3913	0.1322314049586777
3914	0.08947368421052632
3915	0.06461538461538462
3916	0.06461538461538462
3917	0.06461538461538462
3918	0.06653992395437262
3919	0.10330578512396695
3920	0.10330578512396695
3921	0.10330578512396695
3922	0.027737226277372264
3923	0.0
3924	0.013071895424836602
3925	0.013071895424836602
3926	0.03756345177664975
3927	0.09243697478991597
3928	0.09894736842105263
3929	0.09894736842105263
3930	0.021791767554479417
3931	0.07142857142857142
3932	0.07268170426065163
3933	0.07268170426065163
3934	0.0012121212121212121
3935	0.08333333333333333
3936	0.09133489461358314
3937	0.0787037037037037
3938	0.08203125
3939	0.12684365781710916
3940	0.13274336283185842
3941	0.12609970674486803
3942	0.09627329192546584
3943	0.07216494845360824
3944	0.09131403118040089
3945	0.09131403118040089
3946	0.013641133263378805
3947	0.11232876712328767
3948	0.11294765840220386
3949	0.11294765840220386
3950	0.0024937655860349127
3951	0.022988505747126436
3952	0.022988505747126436
3953	0.013071895424836602
3954	0.019021739130434784
3955	0.019021739130434784
3956	0.052478134110787174
3957	0.06837606837606838
3958	0.06837606837606838
3959	0.06401137980085349
3960	0.007215007215007215
3961	0.007215007215007215
3962	0.05157593123209169
3963	0.05157593123209169
3964	0.029197080291970802
3965	0.02527075812274368
3966	0.008583690987124463
3967	0.008583690987124463
3968	0.013761467889908258
3969	0.011441647597254004
3970	0.06983240223463687
3971	0.06983240223463687
3972	0.021352313167259787
3973	0.012612612612612612
3974	0.06983240223463687
3975	0.020565193060996082
3976	0.03125
3977	0.11976047904191617
3978	0.11976047904191617
3979	0.02666666666666667
3980	0.08689655172413793
3981	0.04735376044568245
3982	0.13494809688581316
3983	0.05263157894736842
3984	0.06938020351526364
3985	0.01651376146788991
3986	0.005649717514124294
3987	0.0421455938697318
3988	0.009861932938856016
3989	0.06389776357827476
3990	0.08039492242595205
3991	0.07386363636363637
3992	0.02617801047120419
3993	0.06179775280898876
3994	0.0967741935483871
3995	0.003134796238244514
3996	0.03389830508474576
3997	0.015463917525773196
3998	0.0
3999	0.08064516129032258
4000	0.011461318051575931
4001	0.05325443786982249
4002	0.078125
4003	0.034482758620689655
4004	0.011764705882352941
4005	0.04559270516717325
4006	0.0030211480362537764
4007	0.021052631578947368
4008	0.22938144329896906
4009	0.05
4010	0.12258064516129032
4011	0.034482758620689655
4012	0.07806691449814127
4013	0.05185185185185185
4014	0.045454545454545456
4015	0.14910025706940874
4016	0.15555555555555556
4017	0.06818181818181818
4018	0.050505050505050504
4019	0.11940298507462686
4020	0.09523809523809523
4021	0.0205761316872428
4022	0.14127423822714683
4023	0.13059701492537312
4024	0.05102040816326531
4025	0.05102040816326531
4026	0.04411764705882353
4027	0.05102040816326531
4028	0.06832298136645963
4029	0.02664796633941094
4030	0.0635593220338983
4031	0.005847953216374269
4032	0.19611021069692058
4033	0.07155276180286212
4034	0.1329479768786127
4035	0.26732673267326734
4036	0.044585987261146494
4037	0.23809523809523808
4038	0.007874015748031496
4039	0.32653061224489793
4040	0.11515151515151516
4041	0.1016949152542373
4042	0.019823788546255508
4043	0.025426944971537004
4044	0.003276003276003276
4045	0.0014416146083613647
4046	0.01675977653631285
4047	0.015993907083015995
4048	0.025149700598802394
4049	0.0043859649122807015
4050	0.0043859649122807015
4051	0.006276150627615063
4052	0.038461538461538464
4053	0.02557200538358008
4054	0.012698412698412698
4055	0.03430079155672823
4056	0.020700037636432068
4057	0.01676727028839705
4058	0.00425531914893617
4059	0.021705426356589147
4060	0.21944809461235218
4061	0.21944809461235218
4062	0.22768304914744233
4063	0.2553191489361702
4064	0.06885245901639345
4065	0.01809954751131222
4066	0.06885245901639345
4067	0.011566771819137749
4068	0.00234192037470726
4069	0.08589951377633712
4070	0.037569944044764186
4071	0.01488833746898263
4072	0.0010706638115631692
4073	0.03231151615575808
4074	0.006435006435006435
4075	0.009404388714733543
4076	0.03667481662591687
4077	0.01876172607879925
4078	0.04009433962264151
4079	0.023008849557522124
4080	0.027422303473491772
4081	0.04899777282850779
4082	0.05133928571428571
4083	0.07602339181286549
4084	0.08303249097472924
4085	0.050359712230215826
4086	0.02257636122177955
4087	0.03614457831325301
4088	0.013502779984114376
4089	0.036466358500256806
4090	0.03734439834024896
4091	0.07311028500619579
4092	0.05024088093599449
4093	0.04945054945054945
4094	0.004484304932735426
4095	0.03389830508474576
4096	0.10606060606060606
4097	0.06382978723404255
4098	0.10909090909090909
4099	0.13286713286713286
4100	0.07381193124368049
4101	0.00819672131147541
4102	0.12751677852348994
4103	0.04296875
4104	0.0707070707070707
4105	0.05426356589147287
4106	0.022113022113022112
4107	0.05555555555555555
4108	0.06930693069306931
4109	0.1383495145631068
4110	0.0
4111	0.019206145966709345
4112	0.08349900596421471
4113	0.08108108108108109
4114	0.04878048780487805
4115	0.02722323049001815
4116	0.08614232209737828
4117	0.09090909090909091
4118	0.037199124726477024
4119	0.09218436873747494
4120	0.09164149043303121
4121	0.02517162471395881
4122	0.01639344262295082
4123	0.009009009009009009
4124	0.07801418439716312
4125	0.014331210191082803
4126	0.03212435233160622
4127	0.03788748564867968
4128	0.03234501347708895
4129	0.038776236214870155
4130	0.053229240596167494
4131	0.04032258064516129
4132	0.0045662100456621
4133	0.031007751937984496
4134	0.0265883011474951
4135	0.0989010989010989
4136	0.051457975986277875
4137	0.0267639902676399
4138	0.05380972879896685
4139	0.032335907335907334
4140	0.05380972879896685
4141	0.04103428892636313
4142	0.01818181818181818
4143	0.025338833235120803
4144	0.03561643835616438
4145	0.020041465100207326
4146	0.012162162162162163
4147	0.006224066390041493
4148	0.014598540145985401
4149	0.07244723331431831
4150	0.014634146341463415
4151	0.013079667063020214
4152	0.04621072088724584
4153	0.031865042174320526
4154	0.008902077151335312
4155	0.12627669452181986
4156	0.03899721448467967
4157	0.047058823529411764
4158	0.011451098179087666
4159	0.027442371020856202
4160	0.016697588126159554
4161	0.007826610475617099
4162	0.008322382829610162
4163	0.004608294930875576
4164	0.05130784708249497
4165	0.1
4166	0.03206997084548105
4167	0.3448275862068966
4168	0.01694915254237288
4169	0.1328
4170	0.022608695652173914
4171	0.06177606177606178
4172	0.1293634496919918
4173	0.01826280623608018
4174	0.005110732538330494
4175	0.0012626262626262627
4176	0.019316493313521546
4177	0.022900763358778626
4178	0.02119460500963391
4179	0.015544041450777202
4180	0.022274325908558032
4181	0.00502828409805154
4182	0.07717569786535304
4183	0.08900523560209424
4184	0.01098901098901099
4185	0.101620029455081
4186	0.04529616724738676
4187	0.11914893617021277
4188	0.053929121725731895
4189	0.03543647363872083
4190	0.06156405990016639
4191	0.016738995660260384
4192	0.00546448087431694
4193	0.055379746835443035
4194	0.026078234704112337
4195	0.009728279100972828
4196	0.004098360655737705
4197	0.09449929478138223
4198	0.08504398826979472
4199	0.021148036253776436
4200	0.014492753623188406
4201	0.11267605633802817
4202	0.06006006006006006
4203	0.06006006006006006
4204	0.07052896725440806
4205	0.0196078431372549
4206	0.024734982332155476
4207	0.014492753623188406
4208	0.043478260869565216
4209	0.07428571428571429
4210	0.14285714285714285
4211	0.018867924528301886
4212	0.018315018315018316
4213	0.021897810218978103
4214	0.058333333333333334
4215	0.10734463276836158
4216	0.057692307692307696
4217	0.01818181818181818
4218	0.03932584269662921
4219	0.022222222222222223
4220	0.06870229007633588
4221	0.03529411764705882
4222	0.01580135440180587
4223	0.11409395973154363
4224	0.046875
4225	0.009708737864077669
4226	0.09323583180987204
4227	0.10552763819095477
4228	0.058823529411764705
4229	0.10483870967741936
4230	0.12121212121212122
4231	0.10989010989010989
4232	0.027237354085603113
4233	0.18128654970760233
4234	0.07216494845360824
4235	0.005847953216374269
4236	0.03305785123966942
4237	0.07482993197278912
4238	0.034482758620689655
4239	0.022058823529411766
4240	0.006033182503770739
4241	0.056179775280898875
4242	0.036011080332409975
4243	0.08900523560209424
4244	0.06367041198501873
4245	0.02702702702702703
4246	0.04121475054229935
4247	0.46153846153846156
4248	0.12121212121212122
4249	0.008547008547008548
4250	0.016574585635359115
4251	0.014925373134328358
4252	0.0025575447570332483
4253	0.07801418439716312
4254	0.0423728813559322
4255	0.13066666666666665
4256	0.104
4257	0.020242914979757085
4258	0.009900990099009901
4259	0.05217391304347826
4260	0.06666666666666667
4261	0.12
4262	0.0
4263	0.022222222222222223
4264	0.04081632653061224
4265	0.034220532319391636
4266	0.42857142857142855
4267	0.1134020618556701
4268	0.4166666666666667
4269	0.08196721311475409
4270	0.3220338983050847
4271	0.1794871794871795
4272	0.26153846153846155
4273	0.02247191011235955
4274	0.05732484076433121
4275	0.1111111111111111
4276	0.08090614886731391
4277	0.46153846153846156
4278	0.011627906976744186
4279	0.10465116279069768
4280	0.027777777777777776
4281	0.031578947368421054
4282	0.12
4283	0.07317073170731707
4284	0.025906735751295335
4285	0.1282051282051282
4286	0.02702702702702703
4287	0.03825136612021858
4288	0.01549053356282272
4289	0.005128205128205128
4290	0.020080321285140562
4291	0.013654618473895583
4292	0.07465618860510806
4293	0.0045351473922902496
4294	0.06711409395973154
4295	0.05555555555555555
4296	0.017408123791102514
4297	0.013863773357444244
4298	0.0025560920193126954
4299	0.004630487127245786
4300	0.011834319526627219
4301	0.005697482080499908
4302	0.07628865979381444
4303	0.012195121951219513
4304	0.036036036036036036
4305	0.0718954248366013
4306	0.012345679012345678
4307	0.29074074074074074
4308	0.048223350253807105
4309	0.019726858877086494
4310	0.014729950900163666
4311	0.06899166034874905
4312	0.017241379310344827
4313	0.10909090909090909
4314	0.028469750889679714
4315	0.09074733096085409
4316	0.0423042304230423
4317	0.19391634980988592
4318	0.16535433070866143
4319	0.14418604651162792
4320	0.14814814814814814
4321	0.14634146341463414
4322	0.07317073170731707
4323	0.07903780068728522
4324	0.06779661016949153
4325	0.034482758620689655
4326	0.05084745762711865
4327	0.1044776119402985
4328	0.11363636363636363
4329	0.07954545454545454
4330	0.2925764192139738
4331	0.18222222222222223
4332	0.3238434163701068
4333	0.06925207756232687
4334	0.0582010582010582
4335	0.06925207756232687
4336	0.06963788300835655
4337	0.250936329588015
4338	0.12296983758700696
4339	0.11943793911007025
4340	0.10126582278481013
4341	0.102803738317757
4342	0.07109004739336493
4343	0.08235294117647059
4344	0.00546448087431694
4345	0.018867924528301886
4346	0.24299065420560748
4347	0.2
4348	0.1588785046728972
4349	0.13450292397660818
4350	0.005434782608695652
4351	0.043010752688172046
4352	0.07096774193548387
4353	0.014814814814814815
4354	0.0036363636363636364
4355	0.01818181818181818
4356	0.020833333333333332
4357	0.007194244604316547
4358	0.2421875
4359	0.03414634146341464
4360	0.054187192118226604
4361	0.025830258302583026
4362	0.007712082262210797
4363	0.0
4364	0.07703595011005136
4365	0.14814814814814814
4366	0.04522613065326633
4367	0.04593070104754231
4368	0.07985347985347985
4369	0.2967032967032967
4370	0.05128205128205128
4371	0.11428571428571428
4372	0.034055727554179564
4373	0.043542435424354244
4374	0.22869955156950672
4375	0.0012121212121212121
4376	0.06336088154269973
4377	0.05533596837944664
4378	0.06832298136645963
4379	0.01794453507340946
4380	0.031496062992125984
4381	0.04869762174405436
4382	0.24041811846689895
4383	0.015136226034308779
4384	0.06741573033707865
4385	0.005607476635514018
4386	0.08083140877598152
4387	0.0321285140562249
4388	0.06877113866967305
4389	0.09379968203497616
4390	0.056910569105691054
4391	0.2511013215859031
4392	0.040082219938335044
4393	0.12039312039312039
4394	0.027450980392156862
4395	0.046153846153846156
4396	0.07751937984496124
4397	0.11270983213429256
4398	0.11524163568773234
4399	0.0647985989492119
4400	0.08531468531468532
4401	0.05405405405405406
4402	0.0479394449116905
4403	0.3442622950819672
4404	0.048428207306711976
4405	0.02119460500963391
4406	0.23147440794499619
4407	0.13846153846153847
4408	0.014173228346456693
4409	0.3904761904761905
4410	0.1423841059602649
4411	0.06515580736543909
4412	0.04477611940298507
4413	0.16631578947368422
4414	0.01652892561983471
4415	0.0021645021645021645
4416	0.003389830508474576
4417	0.008648648648648649
4418	0.03491495076096687
4419	0.004784688995215311
4420	0.06976744186046512
4421	0.0967741935483871
4422	0.03225806451612903
4423	0.0
4424	0.08771929824561403
4425	0.2
4426	0.2
4427	0.1282051282051282
4428	0.037037037037037035
4429	0.0196078431372549
4430	0.027777777777777776
4431	0.21875
4432	0.03234880450070324
4433	0.016722408026755852
4434	0.0015698587127158557
4435	0.14418604651162792
4436	0.05976095617529881
4437	0.09774436090225563
4438	0.08382066276803118
4439	0.08203125
4440	0.036020583190394515
4441	0.09347442680776014
4442	0.047244094488188976
4443	0.03492063492063492
4444	0.0668103448275862
4445	0.010899182561307902
4446	0.10289017341040463
4447	0.10545454545454545
4448	0.06823529411764706
4449	0.013215859030837005
4450	0.011764705882352941
4451	0.09871244635193133
4452	0.03924221921515562
4453	0.0830945558739255
4454	0.047619047619047616
4455	0.0831353919239905
4456	0.03067484662576687
4457	0.18627450980392157
4458	0.07878787878787878
4459	0.05320485965647256
4460	0.16666666666666666
4461	0.02631578947368421
4462	0.05846153846153846
4463	0.0
4464	0.04251968503937008
4465	0.09228441754916793
4466	0.01160092807424594
4467	0.12071535022354694
4468	0.03529411764705882
4469	0.028125
4470	0.005110732538330494
4471	0.051353874883286646
4472	0.019122609673790775
4473	0.10429447852760736
4474	0.14993804213135067
4475	0.016304347826086956
4476	0.03474903474903475
4477	0.038461538461538464
4478	0.00946372239747634
4479	0.09243697478991597
4480	0.04461942257217848
4481	0.025991792065663474
4482	0.08227848101265822
4483	0.0078125
4484	0.08895705521472393
4485	0.08827404479578392
4486	0.03664921465968586
4487	0.0718232044198895
4488	0.01597444089456869
4489	0.0058823529411764705
4490	0.09853249475890985
4491	0.00646830530401035
4492	0.010189228529839884
4493	0.027160493827160494
4494	0.006507592190889371
4495	0.05226480836236934
4496	0.039301310043668124
4497	0.04638218923933209
4498	0.1317671092951992
4499	0.10697674418604651
4500	0.0718232044198895
4501	0.021645021645021644
4502	0.07603686635944701
4503	0.10978043912175649
4504	0.040280210157618214
4505	0.12189349112426036
4506	0.11989795918367346
4507	0.11230907457322552
4508	0.1601150527325024
4509	0.07964601769911504
4510	0.019744483159117306
4511	0.08685968819599109
4512	0.027777777777777776
4513	0.10435663627152988
4514	0.08716323296354993
4515	0.07628004179728318
4516	0.019895287958115182
4517	0.09540636042402827
4518	0.11764705882352941
4519	0.010676156583629894
4520	0.14418604651162792
4521	0.06846999154691462
4522	0.11264367816091954
4523	0.07751343054489639
4524	0.057356608478802994
4525	0.05601194921583271
4526	0.043478260869565216
4527	0.03258508327299059
4528	0.02442868400315209
4529	0.18284424379232506
4530	0.058823529411764705
4531	0.0425531914893617
4532	0.03283582089552239
4533	0.01733102253032929
4534	0.026565464895635674
4535	0.049248747913188645
4536	0.023696682464454975
4537	0.04495747266099635
4538	0.16279069767441862
4539	0.016574585635359115
4540	0.04411764705882353
4541	0.013192612137203167
4542	0.0297029702970297
4543	0.005208333333333333
4544	0.16587677725118483
4545	0.08433734939759036
4546	0.03361344537815126
4547	0.12222222222222222
4548	0.3191489361702128
4549	0.21450151057401812
4550	0.0782122905027933
4551	0.1288056206088993
4552	0.10900473933649289
4553	0.011049723756906077
4554	0.010534236267870579
4555	0.010534236267870579
4556	0.0721505751132799
4557	0.0721505751132799
4558	0.013790532985464033
4559	0.013790532985464033
4560	0.039254823685961414
4561	0.039254823685961414
4562	0.017045454545454544
4563	0.017045454545454544
4564	0.04741000877963126
4565	0.04741000877963126
4566	0.1092436974789916
4567	0.1092436974789916
4568	0.04716981132075472
4569	0.10469314079422383
4570	0.07936507936507936
4571	0.030534351145038167
4572	0.023728813559322035
4573	0.00398406374501992
4574	0.018518518518518517
4575	0.14776632302405499
4576	0.05785123966942149
4577	0.1111111111111111
4578	0.010526315789473684
4579	0.07308970099667775
4580	0.21397379912663755
4581	0.14
4582	0.1390728476821192
4583	0.013574660633484163
4584	0.04497354497354497
4585	0.09032943676939426
4586	0.08556430446194226
4587	0.28735632183908044
4588	0.07775768535262206
4589	0.05636070853462158
4590	0.03133903133903134
4591	0.0064995357474466105
4592	0.0991636798088411
4593	0.10270270270270271
4594	0.05674931129476584
4595	0.07087719298245614
4596	0.01452081316553727
4597	0.08974358974358974
4598	0.08169934640522876
4599	0.002277904328018223
4600	0.09009009009009009
4601	0.0015313935681470138
4602	0.020942408376963352
4603	0.06913996627318718
4604	0.2692307692307692
4605	0.09295071740486588
4606	0.048327137546468404
4607	0.019963702359346643
4608	0.072
4609	0.04892798240791644
4610	0.09974424552429667
4611	0.08108108108108109
4612	0.03439153439153439
4613	0.0594059405940594
4614	0.06060606060606061
4615	0.034482758620689655
4616	0.09566250742721331
4617	0.08451882845188284
4618	0.23140495867768596
4619	0.0017574692442882249
4620	0.13677811550151975
4621	0.0028763183125599234
4622	0.09947643979057591
4623	0.04265402843601896
4624	0.007564296520423601
4625	0.027210884353741496
4626	0.025341130604288498
4627	0.04513064133016627
4628	0.027777777777777776
4629	0.04710144927536232
4630	0.009836065573770493
4631	0.0026666666666666666
4632	0.04225352112676056
4633	0.25900514579759865
4634	0.008291873963515755
4635	0.12255772646536411
4636	0.20697167755991286
4637	0.09757887013939838
4638	0.06372549019607843
4639	0.0017035775127768314
4640	0.0410958904109589
4641	0.039886039886039885
4642	0.026515151515151516
4643	0.002652519893899204
4644	0.030864197530864196
4645	0.010351966873706004
4646	0.06015037593984962
4647	0.0374331550802139
4648	0.03736263736263736
4649	0.08333333333333333
4650	0.028169014084507043
4651	0.00684931506849315
4652	0.014492753623188406
4653	0.03541315345699832
4654	0.00966183574879227
4655	0.05368289637952559
4656	0.013412816691505217
4657	0.03125
4658	0.0205761316872428
4659	0.06517690875232775
4660	0.02575107296137339
4661	0.08450704225352113
4662	0.0
4663	0.07258064516129033
4664	0.05417607223476298
4665	0.07264957264957266
4666	0.05357142857142857
4667	0.273542600896861
4668	0.05846153846153846
4669	0.11355311355311355
4670	0.018018018018018018
4671	0.027777777777777776
4672	0.011976047904191617
4673	0.0024449877750611247
4674	0.0
4675	0.017758726270667484
4676	0.023166023166023165
4677	0.14418604651162792
4678	0.02875399361022364
4679	0.007957559681697613
4680	0.17981072555205047
4681	0.022727272727272728
4682	0.02127659574468085
4683	0.049586776859504134
4684	0.07159353348729793
4685	0.05868814729574223
4686	0.0273224043715847
4687	0.044585987261146494
4688	0.060240963855421686
4689	0.05461056401074306
4690	0.07238605898123325
4691	0.0029850746268656717
4692	0.059033989266547404
4693	0.030303030303030304
4694	0.0429042904290429
4695	0.07028360049321825
4696	0.056
4697	0.0047011417058428475
4698	0.12727272727272726
4699	0.008547008547008548
4700	0.06666666666666667
4701	0.017793594306049824
4702	0.031055900621118012
4703	0.09375
4704	0.11405835543766578
4705	0.04150943396226415
4706	0.020134228187919462
4707	0.06735751295336788
4708	0.07467532467532467
4709	0.02092050209205021
4710	0.03939393939393939
4711	0.004219409282700422
4712	0.04395604395604396
4713	0.06796116504854369
4714	0.043478260869565216
4715	0.04093567251461988
4716	0.01694915254237288
4717	0.007352941176470588
4718	0.04878048780487805
4719	0.13267326732673268
4720	0.030042918454935622
4721	0.12868217054263567
4722	0.07630522088353414
4723	0.023923444976076555
4724	0.047619047619047616
4725	0.02155887230514096
4726	0.04279475982532751
4727	0.017173051519154558
4728	0.027160493827160494
4729	0.0
4730	0.02535211267605634
4731	0.06944444444444445
4732	0.02535211267605634
4733	0.09859154929577464
4734	0.16022099447513813
4735	0.038880248833592534
4736	0.030852994555353903
4737	0.05128205128205128
4738	0.023255813953488372
4739	0.010224948875255624
4740	0.04871794871794872
4741	0.04433497536945813
4742	0.0208105147864184
4743	0.044420368364030335
4744	0.06642728904847396
4745	0.0
4746	0.04522613065326633
4747	0.28421052631578947
4748	0.03255813953488372
4749	0.2538860103626943
4750	0.05
4751	0.060133630289532294
4752	0.09130122214234364
4753	0.044639718804920916
4754	0.030153612744168404
4755	0.042090439680801124
4756	0.000946969696969697
4757	0.0039040713887339654
4758	0.03244005641748942
4759	0.061192873741285826
4760	0.03303303303303303
4761	0.08928571428571429
4762	0.11294765840220386
4763	0.0413625304136253
4764	0.009433962264150943
4765	0.07855626326963906
4766	0.03559870550161812
4767	0.10121457489878542
4768	0.12396694214876033
4769	0.06461538461538462
4770	0.10330578512396695
4771	0.0
4772	0.09594882729211088
4773	0.03903903903903904
4774	0.085
4775	0.05623471882640587
4776	0.033921302578018994
4777	0.043478260869565216
4778	0.014285714285714285
4779	0.008896797153024912
4780	0.027777777777777776
4781	0.13186813186813187
4782	0.033112582781456956
4783	0.11711711711711711
4784	0.0650994575045208
4785	0.085219707057257
4786	0.03734439834024896
4787	0.003933910306845004
4788	0.07190370605004752
4789	0.03464203233256351
4790	0.015643802647412757
4791	0.05622236260265319
4792	0.07048458149779736
4793	0.023467070401211203
4794	0.06666666666666667
4795	0.2892857142857143
4796	0.22822491730981256
4797	0.08620689655172414
4798	0.13513513513513514
4799	0.007194244604316547
4800	0.02588235294117647
4801	0.013574660633484163
4802	0.004484304932735426
4803	0.009784735812133072
4804	0.07672301690507152
4805	0.027777777777777776
4806	0.03559870550161812
4807	0.16666666666666666
4808	0.02127659574468085
4809	0.026392961876832845
4810	0.0
4811	0.06513409961685823
4812	0.008064516129032258
4813	0.06896551724137931
4814	0.030303030303030304
4815	0.2892857142857143
4816	0.22822491730981256
4817	0.08620689655172414
4818	0.25
4819	0.017208413001912046
4820	0.3952569169960474
4821	0.04918032786885246
4822	0.13513513513513514
4823	0.007194244604316547
4824	0.02588235294117647
4825	0.013574660633484163
4826	0.004484304932735426
4827	0.10083663584324086
4828	0.12195121951219512
4829	0.05963302752293578
4830	0.11627906976744186
4831	0.045576407506702415
4832	0.1306122448979592
4833	0.022222222222222223
4834	0.0024813895781637717
4835	0.10344827586206896
4836	0.006756756756756757
4837	0.047619047619047616
4838	0.10526315789473684
4839	0.017902813299232736
4840	0.08093994778067885
4841	0.0
4842	0.007352941176470588
4843	0.03982621288921072
4844	0.04794520547945205
4845	0.17142857142857143
4846	0.020282413350449294
4847	0.029778569610587936
4848	0.029595015576323987
4849	0.015469613259668509
4850	0.04238551650692226
4851	0.003793501566881082
4852	0.01742627345844504
4853	0.024498886414253896
4854	0.001834862385321101
4855	0.044481054365733116
4856	0.08057553956834532
4857	0.03571428571428571
4858	0.047021943573667714
4859	0.02333931777378815
4860	0.00683371298405467
4861	0.027692307692307693
4862	0.0835214446952596
4863	0.0
4864	0.0205761316872428
4865	0.02064896755162242
4866	0.07692307692307693
4867	0.02411873840445269
4868	0.001669449081803005
4869	0.03778801843317972
4870	0.0018214936247723133
4871	0.04081632653061224
4872	0.03523035230352303
4873	0.04693140794223827
4874	0.0691333982473223
4875	0.06840598154629335
4876	0.070042194092827
4877	0.05432595573440644
4878	0.030067895247332686
4879	0.03961352657004831
4880	0.06485892268230121
4881	0.08105872622001654
4882	0.11372549019607843
4883	0.0421455938697318
4884	0.0460742830277386
4885	0.04804804804804805
4886	0.04804804804804805
4887	0.0
4888	0.05993690851735016
4889	0.04804804804804805
4890	0.007067137809187279
4891	0.022900763358778626
4892	0.03296703296703297
4893	0.02373887240356083
4894	0.09125475285171103
4895	0.05530642750373692
4896	0.10270270270270271
4897	0.10545454545454545
4898	0.0019646365422396855
4899	0.053406998158379376
4900	0.0060901339829476245
4901	0.0794979079497908
4902	0.03515625
4903	0.06471816283924843
4904	0.009345794392523364
4905	0.07216494845360824
4906	0.036290322580645164
4907	0.11232876712328767
4908	0.008583690987124463
4909	0.0024937655860349127
4910	0.07742998352553541
4911	0.013071895424836602
4912	0.0028169014084507044
4913	0.052478134110787174
4914	0.022950819672131147
4915	0.06401137980085349
4916	0.038834951456310676
4917	0.037037037037037035
4918	0.028368794326241134
4919	0.02527075812274368
4920	0.006666666666666667
4921	0.013761467889908258
4922	0.011441647597254004
4923	0.024549918166939442
4924	0.0071174377224199285
4925	0.009009009009009009
4926	0.06983240223463687
4927	0.011959521619135235
4928	0.10121457489878542
4929	0.08144796380090498
4930	0.1322314049586777
4931	0.1252847380410023
4932	0.06461538461538462
4933	0.05277777777777778
4934	0.10330578512396695
4935	0.059322033898305086
4936	0.0
4937	0.010159651669085631
4938	0.09243697478991597
4939	0.06918238993710692
4940	0.07142857142857142
4941	0.04218928164196123
4942	0.08333333333333333
4943	0.04070796460176991
4944	0.12684365781710916
4945	0.05699481865284974
4946	0.01658255227108868
4947	0.12225705329153605
4948	0.05670103092783505
4949	0.16049382716049382
4950	0.006535947712418301
4951	0.0018148820326678765
4952	0.038869257950530034
4953	0.03474903474903475
4954	0.021322537112010796
4955	0.035483870967741936
4956	0.036414565826330535
4957	0.018425460636515914
4958	0.020618556701030927
4959	0.030497592295345103
4960	0.007067137809187279
4961	0.029930928626247123
4962	0.034220532319391636
4963	0.034220532319391636
4964	0.034220532319391636
4965	0.0963855421686747
4966	0.11827956989247312
4967	0.0918918918918919
4968	0.015748031496062992
4969	0.01768172888015717
4970	0.04470588235294118
4971	0.07542579075425791
4972	0.034764826175869123
4973	0.08571428571428572
4974	0.09219858156028368
4975	0.09782608695652174
4976	0.0395010395010395
4977	0.02027027027027027
4978	0.09090909090909091
4979	0.018867924528301886
4980	0.003703703703703704
4981	0.04904051172707889
4982	0.004366812227074236
4983	0.04234527687296417
4984	0.015706806282722512
4985	0.03505154639175258
4986	0.016722408026755852
4987	0.013574660633484163
4988	0.01567398119122257
4989	0.26153846153846155
4990	0.04294478527607362
4991	0.05084745762711865
4992	0.09761388286334056
4993	0.12643678160919541
4994	0.23843416370106763
4995	0.125
4996	0.020202020202020204
4997	0.035175879396984924
4998	0.011235955056179775
4999	0.09647058823529411
5000	0.07874015748031496
5001	0.008
5002	0.0
5003	0.1016949152542373
5004	0.017241379310344827
5005	0.20588235294117646
5006	0.20588235294117646
5007	0.02145922746781116
5008	0.047619047619047616
5009	0.1232876712328767
5010	0.005235602094240838
5011	0.10121457489878542
5012	0.1509433962264151
5013	0.06363636363636363
5014	0.1565217391304348
5015	0.055872291904218926
5016	0.08151093439363817
5017	0.13680154142581888
5018	0.07228915662650602
5019	0.060836501901140684
5020	0.0018832391713747645
5021	0.040776699029126215
5022	0.0049504950495049506
5023	0.038397328881469114
5024	0.031446540880503145
5025	0.029345372460496615
5026	0.06072874493927125
5027	0.046875
5028	0.031652989449003514
5029	0.004070556309362279
5030	0.07818930041152264
5031	0.006578947368421052
5032	0.016
5033	0.057902973395931145
5034	0.007751937984496124
5035	0.14906832298136646
5036	0.07446808510638298
5037	0.03571428571428571
5038	0.06557377049180328
5039	0.07391304347826087
5040	0.015659955257270694
5041	0.04520396912899669
5042	0.006369426751592357
5043	0.0613107822410148
5044	0.054380664652567974
5045	0.004457652303120356
5046	0.018518518518518517
5047	0.01278772378516624
5048	0.002898550724637681
5049	0.04904051172707889
5050	0.05741626794258373
5051	0.013333333333333334
5052	0.11178247734138973
5053	0.0273972602739726
5054	0.05558288243974422
5055	0.11090909090909092
5056	0.05388272583201268
5057	0.04288939051918736
5058	0.017843289371605897
5059	0.05142857142857143
5060	0.061224489795918366
5061	0.058823529411764705
5062	0.02768166089965398
5063	0.10268562401263823
5064	0.0848
5065	0.0361145703611457
5066	0.016853932584269662
5067	0.012048192771084338
5068	0.05505341002465078
5069	0.10843373493975904
5070	0.04139433551198257
5071	0.08860759493670886
5072	0.308411214953271
5073	0.0
5074	0.07881773399014778
5075	0.1435523114355231
5076	0.045283018867924525
5077	0.024279210925644917
5078	0.02127659574468085
5079	0.16778523489932887
5080	0.06236559139784946
5081	0.10311750599520383
5082	0.2682926829268293
5083	0.08771929824561403
5084	0.03934871099050204
5085	0.1595744680851064
5086	0.0905587668593449
5087	0.07462686567164178
5088	0.010309278350515464
5089	0.10897435897435898
5090	0.12734864300626306
5091	0.006802721088435374
5092	0.09090909090909091
5093	0.10344827586206896
5094	0.07692307692307693
5095	0.13053892215568863
5096	0.041758241758241756
5097	0.0327683615819209
5098	0.03238341968911917
5099	0.07246376811594203
5100	0.00847457627118644
5101	0.0946031746031746
5102	0.05030559473436765
5103	0.05660377358490566
5104	0.03695532266960838
5105	0.0941385435168739
5106	0.0508646998982706
5107	0.004897159647404506
5108	0.020942408376963352
5109	0.06913996627318718
5110	0.2692307692307692
5111	0.09295071740486588
5112	0.06898424769147203
5113	0.07634854771784233
5114	0.003161222339304531
5115	0.11472148541114058
5116	0.11063063063063062
5117	0.045502092050209206
5118	0.0680786686838124
5119	0.035175879396984924
5120	0.08993288590604027
5121	0.07221860767729343
5122	0.031217838765008575
5123	0.015676959619952493
5124	0.06960629921259842
5125	0.007588254701418674
5126	0.06682802205190265
5127	0.1967799642218247
5128	0.010671688637790333
5129	0.031170158405723045
5130	0.03017902813299233
5131	0.07038681039949271
5132	0.007473841554559043
5133	0.031767955801104975
5134	0.08771929824561403
5135	0.0005094243504839531
5136	0.04388422035480859
5137	0.03912363067292645
5138	0.06366197183098592
5139	0.058186738836265225
5140	0.031105228325612178
5141	0.006975269499048827
5142	0.02254283137962128
5143	0.015100671140939598
5144	0.03619047619047619
5145	0.03773584905660377
5146	0.004322766570605188
5147	0.02175805047867711
5148	0.06514864010120178
5149	0.010280373831775701
5150	0.0015105740181268882
5151	0.0037735849056603774
5152	0.009983361064891847
5153	0.026056338028169014
5154	0.18251928020565553
5155	0.058823529411764705
5156	0.002785515320334262
5157	0.10231023102310231
5158	0.031578947368421054
5159	0.081374321880651
5160	0.09259259259259259
5161	0.16017316017316016
5162	0.09933774834437085
5163	0.08668076109936575
5164	0.028846153846153848
5165	0.076
5166	0.034482758620689655
5167	0.09090909090909091
5168	0.07692307692307693
5169	0.09263657957244656
5170	0.04680851063829787
5171	0.03838383838383838
5172	0.06072874493927125
5173	0.011583011583011582
5174	0.15827338129496402
5175	0.22318840579710145
5176	0.0379746835443038
5177	0.05555555555555555
5178	0.014218009478672985
5179	0.014778325123152709
5180	0.06168647425014148
5181	0.0034940600978336828
5182	0.07692307692307693
5183	0.034254807692307696
5184	0.03349282296650718
5185	0.03125
5186	0.06852035749751738
5187	0.011093502377179081
5188	0.02909090909090909
5189	0.01761252446183953
5190	0.05454545454545454
5191	0.0535279805352798
5192	0.07520891364902507
5193	0.16017316017316016
5194	0.1358695652173913
5195	0.1901840490797546
5196	0.2117465224111283
5197	0.04225352112676056
5198	0.008620689655172414
5199	0.05976095617529881
5200	0.008595988538681949
5201	0.09839816933638444
5202	0.014527845036319613
5203	0.07497116493656286
5204	0.0660377358490566
5205	0.03871829105473965
5206	0.21642619311875694
5207	0.1834862385321101
5208	0.021487603305785124
5209	0.0875
5210	0.01697216564833673
5211	0.04487179487179487
5212	0.04262295081967213
5213	0.00878048780487805
5214	0.050359712230215826
5215	0.047775947281713346
5216	0.021505376344086023
5217	0.0801762114537445
5218	0.016241299303944315
5219	0.01090909090909091
5220	0.028790786948176585
5221	0.0691699604743083
5222	0.017162471395881007
5223	0.027382256297918947
5224	0.022988505747126436
5225	0.0053475935828877
5226	0.08079470198675497
5227	0.09126984126984126
5228	0.0071794871794871795
5229	0.06805074971164937
5230	0.1
5231	0.05241935483870968
5232	0.0863905325443787
5233	0.050966608084358524
5234	0.03766061143110323
5235	0.027391487568478718
5236	0.0020491803278688526
5237	0.006247703050349137
5238	0.007495069033530572
