3080	3.7323647660333172
3081	2.0006646125661938
3082	0.809451920302877
3083	0.6964631997498428
3084	1.9247525739647093
3085	1.4043518688974574
3086	0.8018986295472972
3087	1.5625033227995544
3088	2.5503971721157535
3089	2.18391555665134
3090	1.3546672322074516
3091	1.70086166813872
3092	0.8360808857822997
3093	2.898018989379688
3094	1.6758654564025972
3095	0.723390205462578
3096	0.8416252510350302
3097	1.2132517460884078
3098	3.5336362331576376
3099	0.9941288264146623
3100	0.8931361193641502
3101	0.4679643837163283
3102	0.44394190234251707
3103	2.048067563840328
3104	1.3729691379806062
3105	0.9125260341698854
3106	1.291056176341876
3107	1.338969389094372
3108	2.0415779169825097
3109	1.2633408417814327
3110	1.2084493360416195
3111	3.1353452177795496
3112	0.8874186064362583
3113	5.018232390996931
3114	1.1181664321243672
3115	3.2493790216386294
3116	1.0229096867495577
3117	3.0214683517062317
3118	1.353171217966824
3119	1.9732549363187268
3120	1.144634792231162
3121	0.77757075920288
3122	1.9611201681551151
3123	2.767261373979251
3124	0.38862709463098266
3125	1.4314097200463953
3126	1.0546678059879213
3127	0.7601918237074982
3128	0.7626886888864712
3129	1.0005010739584175
3130	0.8654275850645884
3131	1.331521372762594
3132	3.5513167664164396
3133	0.8618488854568147
3134	2.922790539691479
3135	1.9465482003350116
3136	1.3817367855073817
3137	0.7470840007112365
3138	3.337040972144336
3139	1.3902589727041288
3140	2.038382422955952
3141	1.6407267008282551
3142	2.1020130691308485
3143	2.608871912197424
3144	0.9958009183446844
3145	2.7400045133120123
3146	3.5619589717548417
3147	2.831641529793498
3148	1.5250093090379482
3149	0.7736226645932434
3150	0.40510690369710406
3151	0.29101925308057114
3152	1.3477784353741757
3153	0.737291560718389
3154	0.7665340320540039
3155	1.1737577845028917
3156	3.091720733748406
3157	0.7337127282809623
3158	0.7906034734943325
3159	1.6009680319620343
3160	0.8393411607849458
3161	0.7862353056042528
3162	1.998747903208586
3163	0.8287779204281149
3164	0.5100018979646701
3165	1.6458786578537994
3166	2.7276453179664775
3167	1.6450255837108576
3168	0.9835292986917259
3169	1.175571405908538
3170	1.3526545286794436
3171	1.4558375455445125
3172	0.8799268466364732
3173	1.1182004882792624
3174	1.957723679501437
3175	0.9605483061433124
3176	0.9475980679251234
3177	0.3489121946826449
3178	0.6191285642313612
3179	0.7891706293656723
3180	0.7109459339844529
3181	0.8061586087735257
3182	0.8204286182815783
3183	0.8211427152404543
3184	1.3252402939741432
3185	1.6560153737580228
3186	0.4407891315425264
3187	1.3285404679603317
3188	0.7597404909447253
3189	0.7911196905462748
3190	0.71236737395044
3191	1.937445861991214
3192	0.9633839993484182
3193	1.5321359993496177
3194	1.351671092441879
3195	2.176867359348711
3196	1.5041683081157269
3197	0.9313836473957577
3198	1.1826243036846997
3199	1.489131004834754
3200	1.3819431398784485
3201	0.9423324822626016
3202	1.2409163305364654
3203	1.1712423529096752
3204	0.6267221955325395
3205	1.5795345653422406
3206	0.4579953034841823
3207	0.6478178993857424
3208	1.3996773649239735
3209	1.6832135559447792
3210	1.2209557972568468
3211	1.4661815330604286
3212	0.6764179856690494
3213	0.567281872841765
3214	1.1986887541774924
3215	1.7691087913431172
3216	0.05130721837663144
3217	0.1501868488685709
3218	1.5365352267454124
3219	0.6348877014108829
3220	0.9988942815610409
3221	0.7630739514270292
3222	0.8661379430286549
3223	0.8819440900157082
3224	0.9932285735228369
3225	1.196955387573556
3226	1.0398401159840056
3227	0.4604542282084405
3228	1.2802722470867771
3229	0.8833527867918185
3230	0.7618427293267195
3231	1.047134926901168
3232	0.814763933433806
3233	1.4134654668897617
3234	0.42854380810981507
3235	1.5340565659950485
3236	1.8741727646648074
3237	1.8704656549102088
3238	1.7422874989751802
3239	1.499610753698998
3240	1.1105926010585045
3241	0.5792733031117729
3242	1.3778674052641962
3243	2.2679155018694543
3244	0.4247044082975067
3245	0.9841085952576135
3246	1.874951548502585
3247	1.177870461028878
3248	0.7064248373965833
3249	0.8839493831610892
3250	0.4997878875682437
3251	1.5297178277782273
3252	1.8611530233494757
3253	0.6709705529537845
3254	0.8609502872690546
3255	0.8327108645038553
3256	1.4193550922850164
3257	0.4761067082411159
3258	1.1171761746991198
3259	0.6050281264131593
3260	0.4608026455642393
3261	0.5884807215496745
3262	0.22546217787769895
3263	1.2854558865025503
3264	1.6571231045804762
3265	0.6133535590111622
3266	0.8831941195422232
3267	0.7263069959725748
3268	0.7231642032963566
3269	0.7816362449827501
3270	1.397576255646124
3271	1.1775178200643568
3272	1.0920947950304911
3273	1.48846445536689
3274	1.3119540367228288
3275	2.025154257331115
3276	0.9384473031727205
3277	0.6702790021580162
3278	0.8692282711618767
3279	1.5045764114440319
3280	0.7135309500222766
3281	0.3845494204727134
3282	1.220589561367727
3283	1.2771276479818277
3284	0.26326031778428294
3285	1.686497285563493
3286	1.6081335657094384
3287	1.30682408456731
3288	0.9325605704066479
3289	1.071220873208451
3290	1.6811049201885784
3291	1.3647818573531385
3292	0.502696169799074
3293	0.8304755597289455
3294	0.8865009870962157
3295	0.6263928900838409
3296	1.9756086366424606
3297	2.076733468258474
3298	0.7161583174068059
3299	1.0281956985277871
3300	0.8739297372011515
3301	0.46216976174038543
3302	0.2834885108632222
3303	0.9426835332698924
3304	0.6867675435539828
3305	2.6076928771727386
3306	1.7472600540901821
3307	0.7103618670890272
3308	2.8131320428754103
3309	1.8951847262425834
3310	1.349887959697015
3311	1.0849590317035445
3312	3.695121109487929
3313	1.9536055965014054
3314	1.959244162114497
3315	0.955929071227393
3316	2.1931102432326224
3317	0.3125140714410198
3318	4.168313569141698
3319	0.3665471701734424
3320	0.5950904357945789
3321	2.896818668539574
3322	2.819833952164047
3323	1.0895414912051435
3324	0.8771078701459759
3325	0.7054968086655341
3326	1.1872739199448108
3327	3.6218889139977777
3328	1.5659160292512306
3329	0.9639006137049623
3330	1.13257993858168
3331	0.6368264101337773
3332	0.9826263790260382
3333	0.282273088920758
3334	0.5610846912158606
3335	0.9976494175886226
3336	3.02826199915467
3337	0.5779250245075067
3338	1.9921974523047932
3339	0.8996198326770978
3340	0.3624717893604171
3341	0.6464377587436605
3342	2.0529747692768265
3343	1.1712800993109962
3344	5.694409908559105
3345	1.490359015522299
3346	1.0242451801092545
3347	1.016237977778572
3348	1.0157565063698686
3349	0.5453183169197184
3350	0.6565942000440618
3351	0.6452726351448224
3352	1.0746989778078662
3353	1.0306395075075188
3354	0.9859974838154881
3355	0.23285950550993384
3356	1.0221224595168945
3357	1.5490893551833116
3358	1.6644495730366424
3359	0.33531506759725044
3360	1.3670400314172129
3361	1.604478556985502
3362	1.2000466164011074
3363	0.6139457557042888
3364	0.19346428926236445
3365	0.8510275405371707
3366	0.8372193120422234
3367	1.964817989241399
3368	1.958486813914781
3369	0.4485474880238833
3370	0.7572501919126967
3371	0.34378037237498166
3372	1.1045791104914569
3373	0.6389803627413345
3374	0.7667728399162326
3375	0.6457151011173732
3376	0.7533660066858664
3377	0.5734151673313372
3378	0.9162487859964358
3379	1.625945881359389
3380	1.235034257824384
3381	1.3245548131211118
3382	0.3751129977115516
3383	1.1624363735102052
3384	0.6871814263675659
3385	0.7640618117882011
3386	0.9650595926449029
3387	0.762148998878693
3388	0.7052598273030599
3389	1.0646978339330258
3390	3.675475605086701
3391	0.13757679074415544
3392	0.41994756784382936
3393	0.8126786202766968
3394	0.7602377274300638
3395	1.259121002277723
3396	0.8890205163714209
3397	0.7013514776199489
3398	1.1284069204309937
3399	0.44985316929966157
3400	0.7943931110974736
3401	0.32487840266578916
3402	1.041682092716998
3403	0.7026661005008541
3404	0.7524807858815837
3405	0.9849048639304112
3406	0.8195319571810403
3407	1.0200288369875194
3408	0.43933715350460883
3409	0.48852574755561806
3410	0.6039084683633028
3411	0.7933219602614419
3412	1.1467873769321903
3413	0.4973331946762892
3414	0.7706309474168035
3415	0.8250631952998042
3416	0.9156385332951213
3417	0.9929236669291276
3418	0.7886428247479271
3419	2.1113747174875184
3420	0.4871244053167567
3421	0.4731735493764091
3422	0.8105626952120529
3423	1.1094445273110567
3424	1.4655267180018292
3425	1.1718455445252771
3426	1.1252142944203234
3427	0.4781389588131746
3428	0.8201769678195412
3429	0.983010187825582
3430	1.0334082643968876
3431	0.8113341629468843
3432	0.1278221179165332
3433	0.2996231758455413
3434	0.6632685776572125
3435	1.3289849822445297
3436	1.09831282371749
3437	0.9280775431410322
3438	1.7215713856411388
3439	1.015306508687001
3440	1.1684721369549353
3441	0.5288180404093191
3442	1.2213789302868905
3443	1.146114473426974
3444	1.0715956526174608
3445	0.2483294865990609
3446	0.646030703339701
3447	1.4217431229436657
3448	0.4337999500019993
3449	1.9235741533552027
3450	1.1549834374739747
3451	1.2817826714648057
3452	1.8037613303495057
3453	2.1325655000429813
3454	1.8216339596068332
3455	0.8058391961188036
3456	1.9312514709932944
3457	0.7057030810144076
3458	1.3436673412581897
3459	0.8404158461980952
3460	1.5022387065509253
3461	1.9566458127291642
3462	0.8003036313267767
3463	1.069031688765966
3464	0.4511242881191924
3465	0.07579440685180251
3466	1.3751343832167537
3467	1.2030052963897253
3468	0.9800286890401113
3469	0.8284409593855088
3470	0.3776793069579664
3471	1.2248427424629056
3472	0.7683920730258488
3473	0.9379070322533659
3474	2.1496646968197406
3475	1.9732276554033257
3476	1.6177031690958499
3477	0.6012060331308833
3478	2.7856061789405357
3479	1.1097427379369327
3480	1.2784076814976786
3481	0.7342886422454433
3482	1.3225178821997559
3483	0.49523185093823957
3484	1.0782028783440243
3485	1.1744440246983934
3486	1.998121376834323
3487	0.36165424076919667
3488	0.6338739355132824
3489	0.6463687366651097
3490	1.0454470232428545
3491	1.452856559618114
3492	0.9381447832035346
3493	1.184462758998855
3494	1.4496696511060851
3495	0.30981752058447926
3496	1.2778472564451764
3497	0.9709601773489202
3498	0.9366904048199659
3499	0.18030788603828304
3500	1.5756897681174404
3501	1.2270126134588877
3502	1.0573234966876788
3503	1.5414269584280904
3504	0.535612851588207
3505	1.4575212846462953
3506	0.9481917370991219
3507	0.4896610820271059
3508	0.3401316745388227
3509	0.8728512477443906
3510	0.3628410546713081
3511	0.5399253331142594
3512	3.646613725318085
3513	1.0071192043837425
3514	0.2810311032892584
3515	3.8484264826146
3516	0.6011683119798377
3517	0.4345164700475653
3518	3.103664326424296
3519	0.31515188565972574
3520	1.153098549349654
3521	1.1319957380092678
3522	0.3391793602534118
3523	0.7699452168987826
3524	1.410432945267538
3525	2.273692535523885
3526	0.34349556331346653
3527	0.9710921877164426
3528	1.2047682950866685
3529	0.9508170072829196
3530	1.095936683399685
3531	1.1993176691781937
3532	0.5897387228765176
3533	0.7228347715899995
3534	0.34632399685066984
3535	0.9639543166887791
3536	0.9991251484975345
3537	1.0343584697205832
3538	0.13424264092530855
3539	0.42335940367081304
3540	1.6577812714577789
3541	0.47921516256221725
3542	3.230457605323436
3543	2.221109777623861
3544	0.6894094223630687
3545	0.4160119063816456
3546	0.43779920620201995
3547	0.540084330850867
3548	0.1294871365410533
3549	1.2300075826206125
3550	0.379551907741199
3551	0.2522813210378555
3552	0.9296050550723687
3553	1.0069073356997214
3554	4.622676312749082
3555	0.6328607171638567
3556	5.396958145788621
3557	1.156392014328371
3558	0.5238684511638108
3559	0.8708331675764209
3560	0.1600182441240685
3561	0.7711893125468084
3562	1.0347791557398498
3563	0.8392846646132425
3564	1.0391983612791693
3565	0.34632577142973525
3566	0.8692770027011948
3567	1.1236818355476377
3568	2.1991200987252815
3569	0.7375580823444247
3570	0.4124046983325346
3571	0.4109971029166524
3572	1.110193121233723
3573	1.1813657162051154
3574	0.5433668283757915
3575	0.863330562181616
3576	1.5446171123164678
3577	0.7500726859360262
3578	0.707240298450295
3579	0.5614354472725828
3580	1.525496133255491
3581	0.73614919719333
3582	0.4944613163738585
3583	2.399801778819078
3584	0.9546277075886725
3585	0.7823975274742399
3586	1.8892153957454556
3587	0.7820055888124617
3588	1.5280516458767535
3589	0.14685298913010206
3590	1.4979130707249053
3591	0.3519968828899018
3592	0.8814707100097533
3593	1.2444685576422567
3594	0.7216303380142859
3595	0.5562854975508866
3596	1.0816241216926932
3597	1.1181131370962785
3598	0.9393842110621954
3599	1.6932954113661274
3600	0.6518023853877875
3601	1.0244566910280581
3602	0.5408854335020588
3603	0.8378867869877744
3604	0.29088194359824593
3605	0.5113337307679787
3606	0.6236315851724007
3607	0.8950851025781902
3608	0.4405835915086553
3609	0.9932021859273491
3610	0.9533325154163576
3611	1.0584074493029894
3612	1.5766159090747485
3613	3.3537002185750797
3614	1.6538790187148873
3615	1.576121113501779
3616	1.259631943952733
3617	2.0329719363994787
3618	2.1667996146686326
3619	2.982846317342546
3620	1.600820003250426
3621	1.1136615211692995
3622	0.6272073411637988
3623	0.7953379679780465
3624	3.148782528067718
3625	0.8830185213725559
3626	1.2321390182779204
3627	0.6909410255829246
3628	0.9245558471872793
3629	1.290957815930634
3630	1.7615858506135196
3631	1.745472264406119
3632	1.605629907882351
3633	1.7704518711023434
3634	2.320478963182194
3635	2.4640561087430273
3636	0.8379752876858191
3637	0.8962900297303504
3638	1.0860963027240602
3639	1.6520109756925188
3640	0.6294890120791874
3641	1.2229299130351914
3642	2.1155028784386665
3643	2.621884010449065
3644	0.9287529147929339
3645	2.580576487761257
3646	1.1868634158152502
3647	3.3184854969660154
3648	1.1403076928758822
3649	0.9225103677288418
3650	0.841950200131862
3651	1.0250249381005243
3652	1.821186682728748
3653	1.7116013953227458
3654	7.228914816981304
3655	2.902099496017338
3656	1.2940055676970532
3657	0.9010840356159768
3658	2.4598166633832634
3659	3.803103559087513
3660	3.0506297650020127
3661	2.548548218649693
3662	3.107102516129947
3663	2.594298478830577
3664	2.7935066503080015
3665	3.280516133271544
3666	2.734095580703366
3667	2.2123792110370823
3668	1.9676658649089807
3669	1.0444255843905308
3670	2.705093666275943
3671	1.0532422414614857
3672	2.7667182985305367
3673	0.8767950065904665
3674	3.7257204773668566
3675	2.57397667057499
3676	1.8463265852103692
3677	3.744463040175945
3678	1.4630657180216806
3679	3.938418565360403
3680	2.7723964333743165
3681	2.0651262822430043
3682	6.17916702014682
3683	5.291724403490152
3684	2.6411232285257342
3685	2.686604201769454
3686	5.414066805963004
3687	3.3674922746723572
3688	2.955952768503236
3689	2.473379435289004
3690	2.6343007758681365
3691	1.9110569354872282
3692	3.9583082508251284
3693	4.291494104743931
3694	3.3278012394755203
3695	3.7773182669592633
3696	3.509916613142327
3697	6.953366755683035
3698	2.515563001963395
3699	0.8325810174209259
3700	2.3353675680546058
3701	3.4065772073574117
3702	1.9373355123226133
3703	3.154682514079634
3704	4.124805609442652
3705	3.521517603504292
3706	1.1701524588219974
3707	2.3239499859373653
3708	3.252386201838037
3709	1.415339673344552
3710	3.0724467683077443
3711	3.496614094788898
3712	5.73082845324
3713	4.8724684985702975
3714	3.535474955845867
3715	2.58103658809336
3716	3.442478436457139
3717	2.993782026462377
3718	2.3591584731337525
3719	4.018100442877362
3720	3.9178881093588203
3721	2.992620198599852
3722	4.557892466256645
3723	2.7427001182217343
3724	1.2551618470019914
3725	6.998931658789202
3726	1.510998218663082
3727	1.9481558010123297
3728	1.7169461116097775
3729	1.0686609793088329
3730	2.642262719890531
3731	1.6201364066924209
3732	2.816114244365346
3733	2.6503684954978586
3734	1.164015659065275
3735	3.413273491392838
3736	2.39356368098053
3737	0.7106880678924467
3738	0.9843815392280643
3739	7.688092013033837
3740	1.5534975972988085
3741	2.9985898895317096
3742	2.8183791157497473
3743	0.9696813838848398
3744	1.1944091316298744
3745	1.5483221492003425
3746	1.3110658150485872
3747	2.9088646734340924
3748	5.1260680849693925
3749	1.56604693991991
3750	0.9414354183458868
3751	1.4666526096266312
3752	1.6861804084421574
3753	1.22508025376865
3754	2.076892142959583
3755	5.432079449749858
3756	5.458572721584445
3757	4.426533847099945
3758	2.146559528276044
3759	3.0358848669450054
3760	1.9660217266800704
3761	3.307738867522576
3762	1.257541977586234
3763	1.2295230797931023
3764	0.8308251972801464
3765	1.0444523116558282
3766	2.2550029881899607
3767	1.9328554457526186
3768	2.2259447030353456
3769	2.1440969886762806
3770	0.6075509916582061
3771	1.1240014134021952
3772	1.3685014472844836
3773	0.7268162659162253
3774	2.5421164090978996
3775	2.764202220252113
3776	0.7026067670089294
3777	0.5570475498249916
3778	1.1902175472591392
3779	1.1269585381075071
3780	0.9321723385812225
3781	1.267537363331391
3782	0.5403777002007473
3783	1.2097307583719459
3784	2.1198187444378296
3785	1.9324775180048006
3786	1.448997422047572
3787	2.2436095181127214
3788	2.110650490169798
3789	3.854408615360313
3790	1.018019778314553
3791	1.01233794772089
3792	3.5157658342214404
3793	2.0982211823927948
3794	1.9797817169105865
3795	0.8101711869633366
3796	2.929212156902984
3797	2.4492184444016103
3798	0.9417092248991589
3799	0.6361160335448592
3800	2.8564085211770354
3801	0.8528807832236954
3802	1.9225819032559377
3803	1.7790355131655544
3804	1.4127044435574232
3805	2.1059784142989235
3806	2.258284343638617
3807	1.9434283479751515
3808	1.3840724991689575
3809	1.648120369494623
3810	1.3659066691337212
3811	0.8900980682735294
3812	1.0186326539704773
3813	0.8927673650781565
3814	1.572221100156844
3815	2.715693022269203
3816	2.9087559415681197
3817	2.5797111530426378
3818	0.7593011932986214
3819	2.021719989757218
3820	0.81328333032718
3821	1.1904484136170472
3822	1.2569361068224258
3823	1.2440644336746152
3824	2.822627477334505
3825	2.9560974616628326
3826	1.3692440493883313
3827	1.1666242726397777
3828	1.0386267592352336
3829	0.5665614609750683
3830	1.7668959075300044
3831	2.288732086709837
3832	2.3698880362325587
3833	2.1030669641056337
3834	0.7293134461402668
3835	1.6654021393112224
3836	2.454826467122661
3837	2.4252020936554284
3838	1.6605316124785947
3839	0.8154728294964777
3840	2.146771149589965
3841	1.6855670438750505
3842	3.3482199579552034
3843	3.1088856396435394
3844	2.570889995570491
3845	1.3677376263605507
3846	0.9455427895704522
3847	1.115573681979779
3848	1.031249638589888
3849	0.955663386479849
3850	1.8439138545082214
3851	2.3013836264899084
3852	1.0777634982270863
3853	1.0059416579588374
3854	1.0953396050117052
3855	0.3688667240498079
3856	0.8771689691639233
3857	1.1698323210923192
3858	1.5971231496547558
3859	0.6840806597416575
3860	6.89489314079068
3861	1.2179162870392544
3862	1.6222485109458349
3863	1.274223113020386
3864	1.091104944361133
3865	0.853396211135331
3866	1.2491870192722363
3867	3.111919140962986
3868	2.3908731322129095
3869	2.3210508497186417
3870	2.2097105945576474
3871	2.300844509801939
3872	2.088902506289974
3873	1.1919649666429364
3874	3.055117355662227
3875	2.70595171835695
3876	1.8366367199563844
3877	1.6351475803480529
3878	1.578115158180582
3879	2.6630642179992385
3880	1.6568811736952902
3881	1.4742905852452275
3882	2.424402754790152
3883	0.7115129216830043
3884	0.7778134762752528
3885	1.8119495651039257
3886	3.394385323606216
3887	3.7305500480030127
3888	0.8646249652676488
3889	2.007536734862026
3890	1.2036142401055052
3891	1.4931904566384917
3892	1.0768051445647502
3893	1.0730273606023972
3894	3.175122499464899
3895	1.5420578066062727
3896	2.0310977429885275
3897	1.841437894442059
3898	0.9098495862016975
3899	1.0355673751017354
3900	3.3127370579740214
3901	1.8489768278815395
3902	1.6080423154208
3903	1.6973108687158238
3904	2.5710074332869066
3905	2.400078140004287
3906	0.8808890013775392
3907	0.5224180368037423
3908	0.7394563366194535
3909	0.9317949676441932
3910	2.1880922508778577
3911	0.7150972205204013
3912	1.0623521724094807
3913	1.4129973898408006
3914	1.1860784031686644
3915	0.8413532422434454
3916	0.8411123959760679
3917	1.1437826905289477
3918	2.0646147761012386
3919	1.2159853581726925
3920	2.210537194765524
3921	2.03452665168635
3922	1.9693760692461346
3923	1.4403665583803722
3924	1.2218461431832346
3925	1.7109297982309408
3926	4.855861784040297
3927	1.4335574819160748
3928	1.7504303018337266
3929	1.6643403236227376
3930	2.1238231044899836
3931	2.078260637329627
3932	0.8329293726935441
3933	0.732164275090156
3934	2.5534311664230906
3935	2.4555383348360253
3936	2.6291908850130024
3937	2.2379323254889263
3938	2.7377002266114845
3939	1.5477125782260934
3940	1.6350783141169445
3941	1.896334695561977
3942	2.4237609674233447
3943	1.0613590233195074
3944	0.45123349038827243
3945	0.7738589234711456
3946	2.9477967381908434
3947	1.451517979945015
3948	1.8727776686295576
3949	1.8297027701279196
3950	3.1234866484894743
3951	1.605451179867488
3952	1.7218794922232907
3953	2.0930213249992033
3954	2.1705760021927945
3955	1.9828988359377682
3956	2.155912126612139
3957	2.555525141553587
3958	2.709966667238615
3959	2.214571592998119
3960	2.1082911576516765
3961	2.204826163067297
3962	2.725120473020957
3963	2.2270242013971164
3964	1.442603520763477
3965	0.9019009360342756
3966	2.22549704068111
3967	1.9023131547170697
3968	1.3887062663710161
3969	1.5067405144577137
3970	0.7570123823799193
3971	0.7388813001063563
3972	0.9859337471628795
3973	1.478458921966133
3974	0.7284850218092664
3975	12.07912943337503
3976	1.5430321120557027
3977	1.2120922603222235
3978	1.2499083525137549
3979	2.1210957831636907
3980	1.1065118229932152
3981	1.1616982135014413
3982	1.6753380393658857
3983	1.9753651763467022
3984	1.447684853051951
3985	2.981247376641255
3986	1.106144078843769
3987	0.9066496104368345
3988	0.49505034409503973
3989	2.0768846496783753
3990	3.8656167917290394
3991	1.9268913494347772
3992	1.658820927568241
3993	1.9974519463342921
3994	0.7593397548399506
3995	1.5515545772664177
3996	1.896721629909574
3997	2.2476188926500402
3998	2.117275207899271
3999	2.7598831444395397
4000	1.9699719840539485
4001	1.302018970651049
4002	1.7304973544407543
4003	2.033938045767719
4004	1.8954266491472687
4005	1.5449219655696582
4006	2.3295814742276657
4007	1.0367616281237864
4008	1.1638760678198685
4009	2.1046695877040853
4010	1.2889723060760583
4011	0.8273318326388764
4012	1.869030182931017
4013	3.118423747220164
4014	0.8435695884346656
4015	2.813854627634172
4016	1.7430404644865871
4017	0.53635070245398
4018	1.2197992931631383
4019	0.5655596241634706
4020	1.2544605893605658
4021	1.4021281872396798
4022	2.335792918481567
4023	2.02848277830931
4024	1.4271292172814387
4025	1.4092670618703158
4026	1.1911026943250682
4027	1.1921124639228862
4028	1.0790649872887728
4029	2.5580280446642414
4030	3.1227630709231433
4031	1.3621593739916444
4032	3.3878719535402317
4033	0.7994752800369972
4034	2.684859524415206
4035	0.6741325845308968
4036	1.0634567287258105
4037	0.9551866721986952
4038	1.0727619777850714
4039	0.5510518240229183
4040	0.962020109257275
4041	1.0342130861410679
4042	3.9105042847931095
4043	4.717835565120853
4044	4.010112322524762
4045	4.305683963851588
4046	2.5283375535194215
4047	2.2066793714273603
4048	3.202989835003023
4049	2.5692059685493267
4050	2.407878820498749
4051	1.8810514808494267
4052	3.1722641502284477
4053	1.1522214834954694
4054	1.368215390991866
4055	0.9935428325277549
4056	4.647841195245587
4057	3.3816268211433647
4058	2.3900031734005034
4059	1.7742892609462189
4060	2.018545667127341
4061	1.9113731965002
4062	3.118331719297234
4063	3.008232747167433
4064	1.9089679361869802
4065	1.4732162970330844
4066	1.556844933380672
4067	1.8043784044744442
4068	1.2288488444467207
4069	2.1133271698937377
4070	3.24338836365388
4071	3.1214397828843916
4072	3.110224266068154
4073	3.201735233962377
4074	2.719616346767791
4075	1.5786832499109
4076	4.607145136262525
4077	2.61990313891762
4078	3.349406739106688
4079	2.0719783478753047
4080	1.5063206212658284
4081	1.5503176218864414
4082	1.4139467143840951
4083	2.8347225083375607
4084	2.5148658812847855
4085	1.7402829324342133
4086	2.628063872071189
4087	1.9371485145931238
4088	3.139085433210195
4089	2.2778112753808806
4090	3.004959479989392
4091	1.1521798863138968
4092	4.0485233958490685
4093	1.79177050419936
4094	2.2792051308080876
4095	1.041790546656866
4096	2.59733322709241
4097	0.8919387437608449
4098	2.6833001599045194
4099	1.5999364837684267
4100	4.004275367350443
4101	0.7540179666208652
4102	1.3308622852746177
4103	3.4351418639877145
4104	1.2792991954143351
4105	3.7510831063233745
4106	1.3742340631050218
4107	2.0477764330568244
4108	1.373757545309069
4109	2.1816094143324265
4110	0.6421549613994123
4111	2.860325575740912
4112	1.9602950223858873
4113	3.7280068122666563
4114	1.9489437055557501
4115	1.0915415155319819
4116	1.9750229562933477
4117	1.9092662553264754
4118	1.877665907927746
4119	2.1402541999244495
4120	2.3496669584670964
4121	2.224135656914241
4122	0.9670097986562497
4123	2.7942910466847155
4124	1.6523616026658545
4125	2.2562722939255835
4126	2.405792931506484
4127	1.7884756181944828
4128	2.0677290615581407
4129	3.405609426644433
4130	2.420129153546177
4131	2.369141386842887
4132	2.7482400115628556
4133	2.1603543674178844
4134	3.4711538789084826
4135	3.5700464371789695
4136	2.2248470087319285
4137	2.93827962824271
4138	2.0079422404178153
4139	5.602250978112978
4140	1.844587496913143
4141	4.136381535339698
4142	4.47407532199703
4143	4.261762998853591
4144	0.8120036143238794
4145	0.8222732544285707
4146	2.1886524163462253
4147	0.9766574744290316
4148	3.22027663625824
4149	2.844762227195767
4150	1.0069236971961597
4151	2.21521777822674
4152	0.5627609031793418
4153	2.2091223445412624
4154	1.8165150616188943
4155	5.234884446766711
4156	2.6289497169439215
4157	0.9751712756536323
4158	4.213128762506444
4159	2.9574299144074963
4160	7.095721915522441
4161	3.0697438025538424
4162	5.998778660876771
4163	3.723140419541329
4164	3.5189931389612723
4165	0.970666126341569
4166	0.8392069555689812
4167	2.4455557460856436
4168	3.489881048188618
4169	1.3085693010197528
4170	3.6272357129389374
4171	1.2843426334123296
4172	1.219086272268599
4173	3.404021227644578
4174	1.794337509705149
4175	3.1108512094881022
4176	2.9061080059289766
4177	2.6617222577886697
4178	0.6581693988499161
4179	1.0336904081580651
4180	1.3832138935944507
4181	2.445123785043413
4182	1.187927172647141
4183	1.6230210501390903
4184	0.9169722118137403
4185	2.886167026430768
4186	2.263284719772272
4187	1.224365312871777
4188	1.790764907142398
4189	3.0848203739308993
4190	1.0869681225942625
4191	3.284596922402977
4192	1.0772254972554824
4193	1.5798794368756441
4194	4.337515724494712
4195	2.979835023821315
4196	1.4961896167884883
4197	2.3538734585018415
4198	2.132606071456436
4199	1.0910107255632937
4200	2.3164143470992986
4201	1.7713025537781664
4202	2.9817030201929913
4203	3.197884409185863
4204	1.205309717709197
4205	0.9915340208031616
4206	0.6890498576518816
4207	1.496819382970428
4208	1.0814173345431994
4209	3.0468454809315673
4210	0.5996686827271892
4211	0.7348206293383445
4212	1.1097286984266628
4213	0.6070541398501661
4214	1.2605289999795661
4215	1.0092704631474285
4216	2.1241103830375927
4217	2.1387421014482735
4218	1.6735386167824482
4219	0.38131140278473347
4220	0.9057954037461308
4221	1.741942409375998
4222	2.059593487573585
4223	1.0228597814082616
4224	0.9137472419394725
4225	0.7768029772848126
4226	3.3670687781033335
4227	4.064645922272152
4228	1.5030487104935601
4229	0.7062864071409495
4230	0.7644755989998097
4231	1.4319372575222034
4232	1.4054898903457005
4233	0.7603042190169844
4234	1.3735032279136126
4235	0.7813024073447941
4236	0.9446475364646705
4237	0.8919235542492746
4238	0.570814471833949
4239	3.0319140829153
4240	4.092167769664024
4241	0.8185474234535627
4242	2.257382899056857
4243	1.680575678752547
4244	1.57855797310935
4245	2.3538005947368537
4246	2.649548508486821
4247	2.0054746742793563
4248	0.5443919013795163
4249	1.0174858962223636
4250	1.5572951884394923
4251	1.1425250213135525
4252	1.2204079299997286
4253	0.8406132088621691
4254	0.4896596854805608
4255	0.9422288940723814
4256	4.672649738625394
4257	1.133772488725422
4258	0.8140517005081426
4259	1.0112696836328394
4260	1.0260255405562786
4261	1.2597822416062412
4262	1.0645346631190937
4263	1.0742967788081885
4264	0.8343318612810304
4265	1.4420671878551996
4266	1.1025843904925017
4267	0.7072678583680729
4268	1.4341560143689078
4269	0.6896787784441152
4270	1.12254398584451
4271	0.48847509436947095
4272	1.1606911185992392
4273	2.806435535975888
4274	0.5310290786141548
4275	0.984439849683008
4276	1.1368429519430951
4277	1.4068075326448817
4278	0.6074138794750589
4279	0.7543951339420114
4280	1.2191677591780472
4281	0.8665824708321724
4282	1.1925532655755087
4283	0.8230943689817496
4284	1.0924906317019991
4285	1.1927774601662295
4286	0.7352580567853297
4287	0.8423321433231722
4288	1.6657977291141721
4289	4.885202354321559
4290	2.1582604585327054
4291	3.644237608568937
4292	1.5779222409317673
4293	5.217319748152817
4294	0.8980523618529606
4295	1.6976808373823438
4296	1.1976344252428832
4297	3.0763697642668766
4298	6.480900540032805
4299	7.256159307028056
4300	6.222427692742703
4301	8.098383077190373
4302	1.5672605605279364
4303	1.315296124845272
4304	2.5118972598397384
4305	4.1238839342306255
4306	1.0741319956777269
4307	3.2593418762672255
4308	3.0442675589009913
4309	2.1141776071015994
4310	3.1688356322531313
4311	3.022795592483667
4312	2.188189710413748
4313	1.6740129122977445
4314	1.6834301805987262
4315	1.475828497525609
4316	3.6535819536095864
4317	1.1858379811738435
4318	0.7609996835889162
4319	2.7476441784566705
4320	2.2235076341334152
4321	2.4987655165808484
4322	3.0194395510100005
4323	3.433494675386998
4324	0.6809775831062382
4325	1.6232081962246927
4326	1.2626042878302615
4327	0.8493877128303652
4328	0.7121496972170209
4329	0.8263400767820843
4330	2.537380943635172
4331	2.672033124768476
4332	2.2987546145723976
4333	2.522851194082197
4334	2.7869461479182283
4335	2.64445951050102
4336	2.5003290407310175
4337	1.33355141389413
4338	1.610410704647081
4339	1.7334204830596145
4340	1.4344677734553613
4341	1.2364314072432867
4342	1.0205175591267919
4343	1.6325032222049392
4344	0.6307251008366961
4345	0.9079663792004535
4346	2.0260984373986464
4347	1.8157534756980003
4348	2.1295743181301408
4349	0.726384285102362
4350	1.166863396118185
4351	0.5755046044150097
4352	2.7883934605201417
4353	1.0254631112949641
4354	0.994899732731278
4355	3.5407547054845128
4356	1.36081245956313
4357	1.435356046829538
4358	0.6551892108913926
4359	1.168738163647128
4360	1.3683557431167268
4361	1.296883488682435
4362	3.493829541271442
4363	4.158201868925911
4364	4.493746967525962
4365	1.2698373807241548
4366	1.1225085737780318
4367	1.9078938148180487
4368	5.134928636153059
4369	0.9185885670177032
4370	0.7203424669765558
4371	2.0828641986269014
4372	0.9932736773620479
4373	2.83749291594678
4374	0.9509264917793112
4375	2.6201938465130303
4376	1.487500336648128
4377	1.941123468852998
4378	1.1280013587456443
4379	2.4997431747686156
4380	1.2306337885928447
4381	1.1601452505272072
4382	2.370898040968728
4383	1.6724332806950575
4384	0.7212394140527593
4385	1.603861778566309
4386	1.346407206235133
4387	0.943879931976681
4388	3.6865977352928896
4389	1.3022252565954942
4390	2.607928662659048
4391	1.8550924242077242
4392	1.0275566045279203
4393	1.3745763358768106
4394	1.8239260333952632
4395	2.693890044963065
4396	1.388019871637066
4397	1.967141971186499
4398	2.360609657525698
4399	1.585983975089252
4400	1.1969542297932212
4401	1.4227272125903867
4402	1.8369155584726582
4403	3.4135822580308974
4404	3.232307289775675
4405	2.6072785988823175
4406	1.2711402471149118
4407	1.6864856590084691
4408	2.8383067570418836
4409	1.6421892690955477
4410	2.127525473852313
4411	1.2382756527423588
4412	0.9747379246710232
4413	2.507901660375743
4414	1.704690212620971
4415	1.2105730987454213
4416	1.0393294605229004
4417	3.0464215388942177
4418	2.812705950040073
4419	1.4419502778479911
4420	1.2410248154810086
4421	0.921680928591818
4422	1.9841093527470217
4423	0.7813016725350455
4424	0.1872279176303484
4425	1.151759799266505
4426	1.105371985655072
4427	1.2294239225638772
4428	0.5283658888185186
4429	0.6664644201122788
4430	0.6833987078319542
4431	0.533125808759145
4432	4.44739661507224
4433	3.3134453157997155
4434	2.9544411514878393
4435	1.9295976242926354
4436	1.0154157811864426
4437	2.817218626672808
4438	2.633244035230109
4439	2.4082356069529594
4440	3.207241859737699
4441	1.8467271640619005
4442	1.785076517048042
4443	1.8332802910257688
4444	2.2539743280743285
4445	2.8773293006927547
4446	2.0139027282810615
4447	1.5496218871122316
4448	2.563320701347292
4449	1.0790102290778463
4450	1.8189939564488302
4451	2.5070025768299216
4452	4.054936628385305
4453	1.2899907746249542
4454	1.029270679587213
4455	2.427293197090109
4456	2.3151712415598324
4457	1.8146240444629425
4458	0.9284032461314287
4459	2.6495967563262286
4460	2.0428987045762694
4461	3.3611603259431577
4462	2.423399810379383
4463	1.703757728575347
4464	6.20990361246852
4465	3.8186146112847275
4466	4.192609145807183
4467	1.4076040299982502
4468	2.667007206830883
4469	1.5855917682250011
4470	1.921350698065835
4471	3.2638647342923006
4472	1.9277314953155509
4473	1.5996287719283195
4474	1.7181620265649657
4475	1.9091906289381202
4476	1.5148109816828865
4477	2.4351183634281277
4478	1.349358485978382
4479	0.7940541818765882
4480	0.6259541494053685
4481	3.0192965093766664
4482	1.1312459260605026
4483	3.5581941753485054
4484	1.1147798655725534
4485	3.518932893648344
4486	1.864654102332394
4487	1.1379847558903295
4488	2.420868281528744
4489	2.6384853966589543
4490	3.2995675343629314
4491	2.966562386015437
4492	3.7080050712971664
4493	1.0899404771567474
4494	3.4962866090864466
4495	3.737997450705417
4496	2.7700748665808335
4497	2.654439653246712
4498	2.7173229634046776
4499	1.7671832995158256
4500	0.753400736715466
4501	1.2204196119154593
4502	1.0619010664494073
4503	2.755829080368643
4504	3.369626304832692
4505	1.2040029978375257
4506	1.4874252373247234
4507	5.163555008053356
4508	6.376775773314494
4509	3.3179714378209058
4510	4.129519527956588
4511	1.4989417211267932
4512	0.9258945869364263
4513	2.7885675145500013
4514	3.2615796520529954
4515	2.1175318810119172
4516	1.0299081663665648
4517	1.3285724697520434
4518	3.1856126410631624
4519	4.277665315415254
4520	1.3950215796093497
4521	1.3154542372733462
4522	0.7734425202020941
4523	4.140120398745277
4524	1.8558680717346185
4525	6.38852401391815
4526	3.071793134349869
4527	5.736667232521486
4528	4.088982597677772
4529	2.2649895834847453
4530	1.2802636727213488
4531	2.7144889505723477
4532	1.7667975319695042
4533	4.278500152769311
4534	4.201289957730426
4535	4.8693975235294396
4536	2.5563648185608763
4537	2.342839493965745
4538	1.8968349423462254
4539	0.7714670808669499
4540	1.0799789212311854
4541	1.4095516263878556
4542	1.3554576091236716
4543	2.916883576482586
4544	3.0374445777532126
4545	3.1456815779160707
4546	1.5006644819542185
4547	0.8226525497645786
4548	2.6575678628985955
4549	2.7817725634783006
4550	2.255166190855427
4551	1.3294914273987055
4552	0.837735130949699
4553	0.8534075880095876
4554	5.924277543841724
4555	4.654065080738606
4556	4.1386393571283415
4557	3.826103943401295
4558	4.497478125606582
4559	4.2271477854064035
4560	5.91490661387905
4561	5.861177908931342
4562	3.43440878611283
4563	3.28165380998112
4564	3.824159929137411
4565	3.8045863507734174
4566	3.9023408697273134
4567	3.940327542997725
4568	2.767874970262292
4569	0.8051522870333605
4570	1.735580920320597
4571	2.2532822700578157
4572	1.4507611049962699
4573	0.8231912923293134
4574	0.763123274313211
4575	0.5585608985563787
4576	1.2991263153003538
4577	1.9383445005821742
4578	1.5928935986850858
4579	2.9281893528142295
4580	1.9749364013815882
4581	1.5751830998189573
4582	1.0620919366932529
4583	4.401783931784196
4584	2.1617826654765158
4585	2.259641235146845
4586	5.008754685751725
4587	1.1936582414643446
4588	2.924272876478989
4589	3.089373606352611
4590	3.1281099081940096
4591	2.1603611597889536
4592	4.53221989698738
4593	2.8221381463252677
4594	3.667607239820904
4595	3.814429046907642
4596	2.379510474946049
4597	0.8875054985737365
4598	2.2919970858795744
4599	1.6145810029861647
4600	1.0861749518833748
4601	1.6407993738168083
4602	2.5093439399313184
4603	2.536641594895034
4604	0.7721661692559622
4605	1.7837206312733056
4606	0.6182808971767608
4607	2.2860978649090593
4608	1.308859345233316
4609	3.427075807783367
4610	2.162239715478209
4611	0.6754512049676485
4612	3.2578132180272785
4613	1.7667440337230969
4614	3.316131898942383
4615	2.1148431343369616
4616	3.9138605851779467
4617	4.163587432735343
4618	1.7819405992357698
4619	1.4273739219261086
4620	2.7756470186819677
4621	1.1327000716936555
4622	1.8209615564536148
4623	2.505173098110477
4624	2.687293882958518
4625	2.321910721350429
4626	3.315769646187479
4627	4.928230007745095
4628	0.6324574856387754
4629	1.539282758011092
4630	3.2449735573964995
4631	1.6302899824083796
4632	1.5667225422190107
4633	4.259072393556076
4634	0.9593288324594035
4635	1.992237529626116
4636	1.0167402749752648
4637	3.947245097744595
4638	2.5217245594005173
4639	4.024763555360753
4640	1.6433707952456018
4641	1.9528476101165322
4642	1.9565437521671336
4643	3.8084547609772574
4644	1.9993732412429408
4645	1.876399660811087
4646	1.9057136581133374
4647	1.6778421260259782
4648	0.9194875172873371
4649	1.5461496049879828
4650	1.5103175550173593
4651	2.947438794812927
4652	4.081294343993535
4653	1.2802221935439653
4654	2.3622394413252716
4655	2.0186855707426137
4656	1.9151441526671422
4657	3.0584102925592056
4658	1.2347241044254333
4659	1.1931143405867994
4660	1.646665422609994
4661	0.6605063862422103
4662	2.938817943177078
4663	0.7473604503724208
4664	3.7058509857023085
4665	1.7493537162756256
4666	1.8814423060535075
4667	1.6952590137229695
4668	1.494081974900262
4669	1.3248335092402554
4670	2.3957178509828436
4671	1.200987282604541
4672	1.3519367586188358
4673	2.6533354079297244
4674	1.0134512824684627
4675	5.942502195598314
4676	2.880661713555634
4677	5.971528487559549
4678	2.871800782885
4679	1.8851510543070642
4680	2.7895737749148504
4681	1.6632271617317138
4682	0.9727721338269952
4683	1.9212306010322295
4684	2.066872884061088
4685	2.3756249532639675
4686	1.2772204740287891
4687	1.1446038453554932
4688	1.5045973713991625
4689	2.66357929096284
4690	1.1317539132295649
4691	1.76537604891274
4692	1.4635253465854878
4693	0.8622465300554655
4694	1.0665313970738777
4695	1.8613711764274024
4696	1.9383819361948276
4697	3.1381655916314712
4698	1.7564187072064446
4699	1.5831105893883228
4700	1.6360109400738174
4701	0.7408962847513234
4702	1.0207891625339482
4703	1.0202927091245158
4704	1.648749190125195
4705	2.753641417956665
4706	2.7472936967550248
4707	1.075361859002518
4708	1.1195037765746791
4709	0.9741167900890013
4710	1.1375637064886968
4711	1.041826468848899
4712	1.575891444554618
4713	1.8407019682145593
4714	0.9876350238369038
4715	2.8651447664112877
4716	1.3111355271607474
4717	2.5619734187724177
4718	1.2761427667083116
4719	1.5530798630934624
4720	2.03407054510655
4721	2.6357118268837207
4722	1.0510764722685053
4723	0.9413732785744059
4724	1.4063859366432976
4725	2.124015625040365
4726	2.8873309654541734
4727	1.9549970701100952
4728	2.1058722402719936
4729	0.7974325107814192
4730	3.7655247365028597
4731	0.772794573673016
4732	3.757153100549253
4733	0.953018628394749
4734	0.7106090816031239
4735	3.6849806307115704
4736	2.6188930269337694
4737	2.520613855983011
4738	1.6738415758999696
4739	1.5823459062677896
4740	1.3763420092579186
4741	0.8732202360141249
4742	1.9834047769220846
4743	2.320066409539667
4744	3.4647552342584245
4745	2.439607872482509
4746	1.204319614667654
4747	1.1214100083283702
4748	1.576575220549384
4749	0.8748850984635025
4750	0.6122772187964611
4751	1.5481539934489092
4752	1.2184630140008652
4753	4.69457930372307
4754	3.7317246456026885
4755	6.030012536946532
4756	4.161658032279206
4757	1.583502758793597
4758	5.458750398952918
4759	4.209376388552765
4760	1.3497705713425552
4761	1.116175610635367
4762	1.0482526867707356
4763	3.262714120017901
4764	1.5428029867709112
4765	1.6313942976318223
4766	1.244266282218521
4767	1.0183874895509903
4768	0.6621123123125269
4769	0.9018493809121353
4770	1.270252572060482
4771	1.5605752951883884
4772	0.8614724619198695
4773	1.3441469654022906
4774	2.428005393853337
4775	1.2314258435427758
4776	1.0907978296153906
4777	0.991427997579257
4778	1.8023828217796436
4779	2.0893417970768358
4780	2.822862087720901
4781	1.7303916862952051
4782	2.8685415043055866
4783	0.8036033669731529
4784	3.0063303194859152
4785	2.370338104543184
4786	0.8746888254609814
4787	3.0013993505631853
4788	3.1056642240999075
4789	1.6870810607875268
4790	3.0146493953923397
4791	3.4815396193168633
4792	2.6179363114561736
4793	2.307717993378755
4794	2.7848507914690526
4795	5.720366489810588
4796	1.589283501760721
4797	1.4664484538768674
4798	1.0708123608129696
4799	0.8068863593474325
4800	0.8296774752924075
4801	0.9180931377046443
4802	1.193667700180374
4803	1.2436531297054538
4804	1.2726073313846875
4805	0.76309412299665
4806	1.4608634133600051
4807	0.7842603585171517
4808	0.557702500852805
4809	2.3356350266237325
4810	0.9345721274966003
4811	1.1588526794952947
4812	0.6646852865733098
4813	1.1046607244762223
4814	0.9483513314267951
4815	4.927787296069624
4816	1.4924205213691562
4817	1.1689504845747674
4818	0.9028894079841665
4819	0.9042395447654963
4820	2.186314903470709
4821	1.129740192797678
4822	0.8899210273661002
4823	0.8554834066731624
4824	1.0001171862776304
4825	0.982141504938596
4826	1.2437168033361505
4827	1.6904065485352182
4828	0.8790921927744539
4829	0.8444693769502903
4830	0.6841768269096857
4831	1.2334076201859876
4832	1.5163401927456694
4833	1.2055821932030035
4834	3.6048519780515176
4835	1.423664632498472
4836	1.731442656881622
4837	0.9918588040625866
4838	0.12995650400496447
4839	2.534630547606755
4840	1.7503152190543536
4841	0.994027714146591
4842	2.1992063033505813
4843	3.067920685642636
4844	3.5546924917615814
4845	1.1217653098005549
4846	4.285397372236513
4847	6.141817145798725
4848	5.316462456150129
4849	5.848751748660995
4850	5.474010206699952
4851	6.832679422494838
4852	4.357714061549442
4853	1.418103067628998
4854	1.6078539185243197
4855	1.1876959961509213
4856	2.796304117846642
4857	0.7661973716283085
4858	1.073781829644318
4859	2.4136972612074947
4860	2.0121943474353863
4861	1.6645136155393827
4862	4.7240658486032086
4863	2.6445800559879453
4864	2.560596532592986
4865	4.67126537171404
4866	1.3732263499855264
4867	2.0692674185289692
4868	1.9483197414703197
4869	3.291654353960689
4870	2.643279683581442
4871	3.2462163506963035
4872	1.1021662657005802
4873	0.6001018861744015
4874	2.7342901815196354
4875	4.604022781814872
4876	3.378099399938287
4877	3.080444557032601
4878	4.522403198803612
4879	2.661972684807748
4880	1.5571547193744313
4881	4.090188568982039
4882	1.2801600530095467
4883	4.2079462190526495
4884	7.3758458567332505
4885	5.872354522506316
4886	5.953058724534543
4887	1.3457225293611537
4888	0.6968947969208295
4889	2.5921470923497556
4890	1.3006675608519604
4891	1.3361762002899475
4892	1.4679111359572314
4893	2.63096979956826
4894	1.3207235075355734
4895	2.3276007415519104
4896	2.188136752819781
4897	2.3174736927346244
4898	1.2446261344195684
4899	0.8664131480579897
4900	2.0402527629477136
4901	0.8876751344736445
4902	1.030443746974003
4903	1.1699903463350818
4904	1.8108997271884297
4905	1.2520643827019462
4906	5.472408033474211
4907	1.2473843926314714
4908	1.8396194432349882
4909	3.0327025187553613
4910	2.350560956158573
4911	2.7180634613455488
4912	2.3093667180625865
4913	2.114632997797542
4914	2.0855534048435964
4915	2.9069401213369974
4916	2.623043839330396
4917	3.9471107752038033
4918	0.6606194914922578
4919	0.839049979278695
4920	1.9030882591695004
4921	1.2334850409151141
4922	0.9825231152061141
4923	4.082404956669619
4924	1.1837026756818407
4925	2.2198027139867285
4926	0.7296860944893908
4927	1.6214792705878631
4928	0.4891315430948796
4929	2.7043024954277595
4930	0.6104189193848818
4931	1.8175045308617923
4932	0.7844982713337594
4933	2.721605693398154
4934	1.1270928323402543
4935	1.624254018574703
4936	1.3341066737437477
4937	2.6768999370502784
4938	1.2900419617320134
4939	2.1340656530986157
4940	2.634018669768324
4941	3.1783944806796725
4942	2.6654132202842904
4943	2.025901142449252
4944	1.7610275837906053
4945	1.8459250664779974
4946	3.374462469410692
4947	2.001068666673787
4948	1.2582078395014804
4949	0.9090572877745039
4950	1.5829840613513928
4951	2.558409488400529
4952	1.3970079843215149
4953	0.9994854090761297
4954	3.6559572853705653
4955	0.9483026177509767
4956	0.9380888432474228
4957	1.7309842626681655
4958	1.598834800635525
4959	2.1973455555403167
4960	1.371432099138547
4961	3.122863794356686
4962	3.523331570642608
4963	3.60638180839101
4964	3.132679458800502
4965	0.8305132149615252
4966	2.9250480440801594
4967	0.9085507442646596
4968	1.2671253482172404
4969	3.1557554836004256
4970	0.7620335319059448
4971	0.9554363737848118
4972	2.0552569483870053
4973	2.1854258925994214
4974	1.409119639074594
4975	1.4470267257609402
4976	2.268097281254644
4977	1.7775127682674734
4978	2.357703291018147
4979	1.0284017254370663
4980	1.2034851778332707
4981	1.5372605771519066
4982	2.285371678760258
4983	0.9177194031116612
4984	1.42154305681914
4985	1.9968100819064467
4986	1.322276626368958
4987	2.425549148951043
4988	1.3772912875433434
4989	1.6503772176529241
4990	1.1946504401572402
4991	0.6465576987985973
4992	2.2662910024018683
4993	0.6775334311750747
4994	1.891373641558435
4995	2.3619432980234762
4996	1.1594185602270564
4997	3.126329310594236
4998	4.187088297694657
4999	2.1346837959161955
5000	2.4744037015358082
5001	2.1322592718131337
5002	1.4661176653879733
5003	0.8346671013714434
5004	0.9000109727158357
5005	1.0915101459602565
5006	1.12944866226285
5007	1.9207915728347662
5008	0.3071004378126879
5009	0.36074165741786285
5010	1.300637474688623
5011	1.8163170047518862
5012	0.7405654800315169
5013	1.6915976460255964
5014	0.8032866423444242
5015	0.637224206474089
5016	6.205219956848203
5017	1.6042553432012898
5018	2.1673974699900875
5019	2.408580470800956
5020	0.6019315409159138
5021	1.2421795538475233
5022	0.9042841210178476
5023	1.1961970683497478
5024	0.6908920314022741
5025	0.899675632814256
5026	1.0301052000641922
5027	1.7395850876463914
5028	2.192533871083254
5029	2.6513563163856055
5030	0.6724411650581356
5031	0.965512006924021
5032	0.8996297416574711
5033	3.609828659297722
5034	1.2686506819447825
5035	1.2796269850734847
5036	1.2851610833338982
5037	1.555554608412196
5038	1.3574616151840306
5039	1.4858984278768794
5040	1.2516743302807158
5041	3.0169963511021884
5042	2.132277254323047
5043	1.9222824189791234
5044	2.479976480495577
5045	1.6748034127561882
5046	1.2416631475984155
5047	1.611759597990168
5048	1.0707954680831036
5049	1.4851287078107156
5050	0.8987557654187437
5051	2.2382679539644883
5052	1.8723963209631238
5053	0.8357004644483926
5054	1.7032747832589434
5055	2.214879935255391
5056	2.5962222839305222
5057	4.987179665843903
5058	4.792970532771759
5059	1.0444150591526002
5060	0.7660960346108573
5061	0.6281381830023589
5062	1.2964304643666862
5063	1.254196474731206
5064	1.9733024676324
5065	1.5571289757479037
5066	1.1144070006420757
5067	2.4518073752094978
5068	2.292976462560946
5069	2.2146245833099028
5070	3.1499995767619082
5071	1.5486266159172235
5072	0.8802084756365431
5073	1.5076337199074885
5074	1.104271692008505
5075	0.6147988320491621
5076	1.2546584952122897
5077	2.7261574273486073
5078	1.9424945385840842
5079	2.6985219624384555
5080	2.306752183846024
5081	2.350988797578953
5082	0.4671126616424922
5083	0.45615487047325204
5084	2.2392407550764326
5085	1.9541807363032047
5086	1.6257341980242024
5087	1.8484585849406467
5088	1.6177787178321896
5089	4.421315658034713
5090	1.4519595862761627
5091	0.9627081903196975
5092	1.4349469716953476
5093	1.0291846123278217
5094	2.6542512789383443
5095	1.0040184550064433
5096	1.3207134098253988
5097	2.9249891732025026
5098	2.9229205811870553
5099	4.028151155995633
5100	2.23820643190204
5101	5.242815156070989
5102	1.5495987849991646
5103	1.6219246783120405
5104	2.578703731839143
5105	2.961609183922897
5106	5.722854529675466
5107	0.8098099940024016
5108	2.541488274460764
5109	2.439804236375875
5110	0.8609937388532551
5111	1.8510556797297413
5112	5.004937936541587
5113	1.9165614694633804
5114	1.6951722275283438
5115	2.4758934543268896
5116	3.665425903211042
5117	4.378206936880445
5118	2.817430628935068
5119	2.1792263984444578
5120	3.8480347315709564
5121	6.288468811703029
5122	3.5473832938659804
5123	7.196563678356574
5124	4.3236556063432054
5125	3.4795767053127276
5126	5.014971753652872
5127	1.9433596755197295
5128	3.544497852846675
5129	1.468046841161641
5130	1.216850043396024
5131	4.137025266952174
5132	4.191745821123607
5133	2.388870574569211
5134	5.1298566786311115
5135	2.733538117702936
5136	2.5007313890217455
5137	2.3433032073442557
5138	2.3769911517587152
5139	1.8889050347977787
5140	3.0146259194404394
5141	2.573082390164887
5142	1.6285704343807446
5143	2.205047509231668
5144	3.916366643090217
5145	2.4685575531129254
5146	2.1370710261783175
5147	2.963559681553701
5148	1.997002523421824
5149	3.6019526862032873
5150	4.172672321531039
5151	0.6513454703719455
5152	3.552238166799431
5153	3.324812204590337
5154	2.052972541460358
5155	1.1470441187402758
5156	3.4173940888631384
5157	1.2264337674410966
5158	1.8077199076511024
5159	1.411041894774654
5160	1.7420502277020136
5161	1.4007360866340341
5162	1.4014475509548703
5163	2.4271195351859465
5164	1.132403343980441
5165	3.160084258512831
5166	2.04674121922883
5167	1.321451414506243
5168	1.3628340553040137
5169	1.7945804966153318
5170	1.8786611222107992
5171	1.5972159238427297
5172	2.231042477104121
5173	1.1724897838817172
5174	0.7433858397479047
5175	1.0194994973701583
5176	1.4510406362542854
5177	2.334270153847272
5178	2.4197048888198833
5179	2.2158556542726338
5180	3.900618839823416
5181	2.9457645445230303
5182	3.985334992346643
5183	3.750371085444311
5184	3.6270298363436404
5185	3.4209488127948733
5186	2.066564084722807
5187	1.5199058657882147
5188	1.4768335232196594
5189	1.9449769735692315
5190	1.2011611627100396
5191	2.3872273491063285
5192	0.9327210853276174
5193	1.220896886266508
5194	1.0780563679040827
5195	1.210214889270943
5196	4.048014749869925
5197	2.4071954955593053
5198	1.5877712443143317
5199	2.3375494061591398
5200	1.5438900572003549
5201	0.9720247210002507
5202	1.9535770005936504
5203	1.7058771074812262
5204	2.098901214519301
5205	1.6957864729448302
5206	3.4347376128686347
5207	1.3136069822403176
5208	2.5625978899321207
5209	1.0331180888063407
5210	2.4683319759637317
5211	3.635467446647658
5212	1.518102423354383
5213	1.667167837730708
5214	2.0671994905724533
5215	2.3744287251995853
5216	1.5294884129682769
5217	2.054407863123611
5218	1.5210712285141406
5219	1.3134516770838685
5220	1.0681329513970736
5221	1.3132724170893324
5222	3.5237234467592273
5223	1.2347699364817715
5224	0.9002757942139769
5225	1.6452807904726559
5226	1.7484012319484143
5227	2.0961738217145025
5228	2.098154214840777
5229	3.6504405918110012
5230	3.8197997556093224
5231	0.704519795228786
5232	2.5321700371991414
5233	2.7624041656795866
5234	3.2037645773197267
5235	5.360750758893969
5236	2.569822169238385
5237	2.9613661727426877
5238	2.622921750287935
