3080	0.12027890761185357
3081	0.3146067415730337
3082	0.34523809523809523
3083	0.32894736842105265
3084	0.4533333333333333
3085	0.18110236220472442
3086	0.2740740740740741
3087	0.4796747967479675
3088	0.2708333333333333
3089	0.1368421052631579
3090	0.13681592039800994
3091	0.3987730061349693
3092	0.24855491329479767
3093	0.22957198443579765
3094	0.5193798449612403
3095	0.43956043956043955
3096	0.14492753623188406
3097	0.15789473684210525
3098	0.24
3099	0.32432432432432434
3100	0.34146341463414637
3101	0.32558139534883723
3102	0.3442622950819672
3103	0.13821138211382114
3104	0.2972972972972973
3105	0.3112033195020747
3106	0.4405594405594406
3107	0.3575757575757576
3108	0.15418502202643172
3109	0.2739273927392739
3110	0.30177514792899407
3111	0.36764705882352944
3112	0.14492753623188406
3113	0.09408602150537634
3114	0.6363636363636364
3115	0.31390134529147984
3116	0.16213275299238303
3117	0.15844544095665172
3118	0.3282442748091603
3119	0.28733459357277885
3120	0.06329113924050633
3121	0.09090909090909091
3122	0.5428571428571428
3123	0.6923076923076923
3124	0.32653061224489793
3125	0.08333333333333333
3126	0.1724137931034483
3127	0.6521739130434783
3128	0.35294117647058826
3129	0.2246153846153846
3130	0.3409090909090909
3131	0.11904761904761904
3132	0.24104234527687296
3133	0.21951219512195122
3134	0.22717622080679406
3135	0.15925925925925927
3136	0.25225225225225223
3137	0.28
3138	0.11846689895470383
3139	0.28188976377952757
3140	0.435665914221219
3141	0.16358463726884778
3142	0.18004338394793926
3143	0.2794943820224719
3144	0.2024793388429752
3145	0.3010752688172043
3146	0.11791730474732007
3147	0.23432343234323433
3148	0.30868761552680224
3149	0.4606741573033708
3150	0.20588235294117646
3151	0.631578947368421
3152	0.35294117647058826
3153	0.1506849315068493
3154	0.1506849315068493
3155	0.5102040816326531
3156	0.1258741258741259
3157	0.3333333333333333
3158	0.41304347826086957
3159	0.225
3160	0.12280701754385964
3161	0.2653061224489796
3162	0.3894736842105263
3163	0.18181818181818182
3164	0.2830188679245283
3165	0.4146341463414634
3166	0.17647058823529413
3167	0.38461538461538464
3168	0.21518987341772153
3169	0.21518987341772153
3170	0.36
3171	0.36
3172	0.4
3173	0.4
3174	0.14102564102564102
3175	0.589041095890411
3176	0.2698412698412698
3177	0.2698412698412698
3178	0.2698412698412698
3179	0.48
3180	0.4090909090909091
3181	0.288135593220339
3182	0.281437125748503
3183	0.281437125748503
3184	0.5733333333333334
3185	0.5733333333333334
3186	0.3333333333333333
3187	0.42857142857142855
3188	0.13131313131313133
3189	0.2808988764044944
3190	0.42857142857142855
3191	0.2542372881355932
3192	0.3114754098360656
3193	0.4084507042253521
3194	0.4084507042253521
3195	0.30612244897959184
3196	0.30158730158730157
3197	0.44554455445544555
3198	0.13157894736842105
3199	0.13157894736842105
3200	0.22950819672131148
3201	0.19230769230769232
3202	0.2830188679245283
3203	0.32142857142857145
3204	0.32
3205	0.17857142857142858
3206	0.28205128205128205
3207	0.2558139534883721
3208	0.3684210526315789
3209	0.3333333333333333
3210	0.3333333333333333
3211	0.42424242424242425
3212	0.16279069767441862
3213	0.24561403508771928
3214	0.3333333333333333
3215	0.2289156626506024
3216	0.3684210526315789
3217	0.3684210526315789
3218	0.4222222222222222
3219	0.48717948717948717
3220	0.5211267605633803
3221	0.45
3222	0.18681318681318682
3223	0.5384615384615384
3224	0.4583333333333333
3225	0.2916666666666667
3226	0.34065934065934067
3227	0.5121951219512195
3228	0.3953488372093023
3229	0.2328767123287671
3230	0.35384615384615387
3231	0.35384615384615387
3232	0.13253012048192772
3233	0.6862745098039216
3234	0.6862745098039216
3235	0.4
3236	0.44063324538258575
3237	0.44063324538258575
3238	0.5978260869565217
3239	0.5978260869565217
3240	0.23333333333333334
3241	0.3783783783783784
3242	0.4728682170542636
3243	0.2608695652173913
3244	0.40476190476190477
3245	0.42857142857142855
3246	0.4166666666666667
3247	0.2962962962962963
3248	0.3333333333333333
3249	0.42028985507246375
3250	0.30434782608695654
3251	0.32142857142857145
3252	0.660377358490566
3253	0.29577464788732394
3254	0.2
3255	0.2
3256	0.30726256983240224
3257	0.30952380952380953
3258	0.36
3259	0.3333333333333333
3260	0.2753623188405797
3261	0.3090909090909091
3262	0.18518518518518517
3263	0.2653061224489796
3264	0.1607717041800643
3265	0.38461538461538464
3266	0.33884297520661155
3267	0.5510204081632653
3268	0.5769230769230769
3269	0.2222222222222222
3270	0.2727272727272727
3271	0.3698630136986301
3272	0.3698630136986301
3273	0.5862068965517241
3274	0.2413793103448276
3275	0.2145748987854251
3276	0.3763440860215054
3277	0.16666666666666666
3278	0.2631578947368421
3279	0.2564102564102564
3280	0.23684210526315788
3281	0.48717948717948717
3282	0.5172413793103449
3283	0.5172413793103449
3284	0.23404255319148937
3285	0.5142857142857142
3286	0.5277777777777778
3287	0.45714285714285713
3288	0.4222222222222222
3289	0.13157894736842105
3290	0.5510204081632653
3291	0.21052631578947367
3292	0.45
3293	0.26153846153846155
3294	0.5061728395061729
3295	0.2727272727272727
3296	0.23728813559322035
3297	0.23728813559322035
3298	0.3225806451612903
3299	0.4482758620689655
3300	0.16666666666666666
3301	0.22857142857142856
3302	0.24444444444444444
3303	0.3698630136986301
3304	0.45161290322580644
3305	0.15897435897435896
3306	0.20654911838790932
3307	0.3416149068322981
3308	0.5510204081632653
3309	0.5510204081632653
3310	0.25471698113207547
3311	0.3793103448275862
3312	0.3644859813084112
3313	0.216
3314	0.27586206896551724
3315	0.38461538461538464
3316	0.11827956989247312
3317	0.40425531914893614
3318	0.6744186046511628
3319	0.6744186046511628
3320	0.3142857142857143
3321	0.15769944341372913
3322	0.15769944341372913
3323	0.37037037037037035
3324	0.34545454545454546
3325	0.31666666666666665
3326	0.31666666666666665
3327	0.5384615384615384
3328	0.13043478260869565
3329	0.3333333333333333
3330	0.5
3331	0.16923076923076924
3332	0.4878048780487805
3333	0.03571428571428571
3334	0.11428571428571428
3335	0.4358974358974359
3336	0.4339622641509434
3337	0.2537313432835821
3338	0.5930232558139535
3339	0.46835443037974683
3340	0.35384615384615387
3341	0.35135135135135137
3342	0.4583333333333333
3343	0.1267605633802817
3344	0.3898305084745763
3345	0.13157894736842105
3346	0.22950819672131148
3347	0.22950819672131148
3348	0.22950819672131148
3349	0.36666666666666664
3350	0.24561403508771928
3351	0.24561403508771928
3352	0.3695652173913043
3353	0.23076923076923078
3354	0.23076923076923078
3355	0.3
3356	0.3333333333333333
3357	0.569620253164557
3358	0.569620253164557
3359	0.2602739726027397
3360	0.25925925925925924
3361	0.25925925925925924
3362	0.29577464788732394
3363	0.38028169014084506
3364	0.3333333333333333
3365	0.37373737373737376
3366	0.37373737373737376
3367	0.10526315789473684
3368	0.10526315789473684
3369	0.3191489361702128
3370	0.22807017543859648
3371	0.2894736842105263
3372	0.23636363636363636
3373	0.2711864406779661
3374	0.2711864406779661
3375	0.4411764705882353
3376	0.3076923076923077
3377	0.5660377358490566
3378	0.2727272727272727
3379	0.4411764705882353
3380	0.2911392405063291
3381	0.38461538461538464
3382	0.30612244897959184
3383	0.18518518518518517
3384	0.49206349206349204
3385	0.49206349206349204
3386	0.49206349206349204
3387	0.49206349206349204
3388	0.3157894736842105
3389	0.37662337662337664
3390	0.2692307692307692
3391	0.24
3392	0.2
3393	0.4603174603174603
3394	0.3023255813953488
3395	0.3333333333333333
3396	0.3870967741935484
3397	0.3870967741935484
3398	0.2857142857142857
3399	0.39622641509433965
3400	0.3191489361702128
3401	0.5254237288135594
3402	0.3114754098360656
3403	0.3698630136986301
3404	0.5925925925925926
3405	0.36
3406	0.3090909090909091
3407	0.3103448275862069
3408	0.24369747899159663
3409	0.3150684931506849
3410	0.1896551724137931
3411	0.3333333333333333
3412	0.37349397590361444
3413	0.23809523809523808
3414	0.37662337662337664
3415	0.13513513513513514
3416	0.38461538461538464
3417	0.30612244897959184
3418	0.4925373134328358
3419	0.39849624060150374
3420	0.30864197530864196
3421	0.4426229508196721
3422	0.20634920634920634
3423	0.46236559139784944
3424	0.19850187265917604
3425	0.4642857142857143
3426	0.19850187265917604
3427	0.29411764705882354
3428	0.42168674698795183
3429	0.40540540540540543
3430	0.41935483870967744
3431	0.32075471698113206
3432	0.23529411764705882
3433	0.2328767123287671
3434	0.3684210526315789
3435	0.2463768115942029
3436	0.4857142857142857
3437	0.3157894736842105
3438	0.21904761904761905
3439	0.37037037037037035
3440	0.5666666666666667
3441	0.29411764705882354
3442	0.375
3443	0.27835051546391754
3444	0.27835051546391754
3445	0.5873015873015873
3446	0.2
3447	0.2
3448	0.34328358208955223
3449	0.3939393939393939
3450	0.3584905660377358
3451	0.49019607843137253
3452	0.40425531914893614
3453	0.38235294117647056
3454	0.24050632911392406
3455	0.2839506172839506
3456	0.4339622641509434
3457	0.30864197530864196
3458	0.3142857142857143
3459	0.08641975308641975
3460	0.25
3461	0.2
3462	0.43243243243243246
3463	0.43859649122807015
3464	0.3684210526315789
3465	0.4666666666666667
3466	0.12
3467	0.4153846153846154
3468	0.24731182795698925
3469	0.5384615384615384
3470	0.25
3471	0.5
3472	0.12727272727272726
3473	0.3424657534246575
3474	0.3559322033898305
3475	0.3783783783783784
3476	0.13924050632911392
3477	0.375
3478	0.34831460674157305
3479	0.16831683168316833
3480	0.20754716981132076
3481	0.19402985074626866
3482	0.34615384615384615
3483	0.5402298850574713
3484	0.45
3485	0.18681318681318682
3486	0.32
3487	0.42168674698795183
3488	0.1794871794871795
3489	0.42857142857142855
3490	0.3488372093023256
3491	0.1282051282051282
3492	0.2558139534883721
3493	0.56
3494	0.20481927710843373
3495	0.41818181818181815
3496	0.23636363636363636
3497	0.37349397590361444
3498	0.21518987341772153
3499	0.4
3500	0.3107344632768362
3501	0.2698412698412698
3502	0.3698630136986301
3503	0.41379310344827586
3504	0.37777777777777777
3505	0.38461538461538464
3506	0.43333333333333335
3507	0.37142857142857144
3508	0.37142857142857144
3509	0.19047619047619047
3510	0.2835820895522388
3511	0.24675324675324675
3512	0.2602739726027397
3513	0.2
3514	0.4444444444444444
3515	0.14285714285714285
3516	0.49295774647887325
3517	0.4482758620689655
3518	0.5072463768115942
3519	0.2542372881355932
3520	0.22077922077922077
3521	0.4603174603174603
3522	0.42857142857142855
3523	0.43529411764705883
3524	0.5
3525	0.25301204819277107
3526	0.3181818181818182
3527	0.30337078651685395
3528	0.22666666666666666
3529	0.6363636363636364
3530	0.3670886075949367
3531	0.5833333333333334
3532	0.42857142857142855
3533	0.25
3534	0.6470588235294118
3535	0.25301204819277107
3536	0.22448979591836735
3537	0.16279069767441862
3538	0.2682926829268293
3539	0.2
3540	0.5
3541	0.2903225806451613
3542	0.31343283582089554
3543	0.34951456310679613
3544	0.3176470588235294
3545	0.4666666666666667
3546	0.4666666666666667
3547	0.20481927710843373
3548	0.3953488372093023
3549	0.391304347826087
3550	0.3333333333333333
3551	0.3230769230769231
3552	0.42857142857142855
3553	0.39473684210526316
3554	0.37142857142857144
3555	0.3584905660377358
3556	0.3584905660377358
3557	0.36
3558	0.3617021276595745
3559	0.4520547945205479
3560	0.36363636363636365
3561	0.2653061224489796
3562	0.3739130434782609
3563	0.4095238095238095
3564	0.5081967213114754
3565	0.37254901960784315
3566	0.36363636363636365
3567	0.3225806451612903
3568	0.1836734693877551
3569	0.3333333333333333
3570	0.32558139534883723
3571	0.2894736842105263
3572	0.30158730158730157
3573	0.45454545454545453
3574	0.42857142857142855
3575	0.3445378151260504
3576	0.21951219512195122
3577	0.5454545454545454
3578	0.3584905660377358
3579	0.46938775510204084
3580	0.3
3581	0.64
3582	0.5217391304347826
3583	0.2631578947368421
3584	0.4166666666666667
3585	0.39285714285714285
3586	0.2694610778443114
3587	0.5111111111111111
3588	0.2564102564102564
3589	0.44
3590	0.36585365853658536
3591	0.3611111111111111
3592	0.19230769230769232
3593	0.4339622641509434
3594	0.22727272727272727
3595	0.6140350877192983
3596	0.30434782608695654
3597	0.4358974358974359
3598	0.3082706766917293
3599	0.19444444444444445
3600	0.5319148936170213
3601	0.2777777777777778
3602	0.23943661971830985
3603	0.15789473684210525
3604	0.36363636363636365
3605	0.3333333333333333
3606	0.44680851063829785
3607	0.3559322033898305
3608	0.4
3609	0.37349397590361444
3610	0.38011695906432746
3611	0.5813953488372093
3612	0.49206349206349204
3613	0.25
3614	0.4785992217898833
3615	0.21725239616613418
3616	0.21212121212121213
3617	0.288135593220339
3618	0.4492753623188406
3619	0.13333333333333333
3620	0.2141057934508816
3621	0.2658772874058127
3622	0.2034525277435265
3623	0.3359683794466403
3624	0.17962466487935658
3625	0.14016172506738545
3626	0.24273858921161826
3627	0.27860696517412936
3628	0.38337801608579086
3629	0.16129032258064516
3630	0.3156626506024096
3631	0.17899761336515513
3632	0.1673469387755102
3633	0.053691275167785234
3634	0.11461619348054679
3635	0.31403118040089084
3636	0.11384615384615385
3637	0.11475409836065574
3638	0.20754716981132076
3639	0.11278195488721804
3640	0.3065326633165829
3641	0.13793103448275862
3642	0.07488986784140969
3643	0.13934426229508196
3644	0.1650485436893204
3645	0.1206896551724138
3646	0.20642201834862386
3647	0.4444444444444444
3648	0.0513595166163142
3649	0.08487084870848709
3650	0.16842105263157894
3651	0.1232
3652	0.1760299625468165
3653	0.20454545454545456
3654	0.10430906389301635
3655	0.09506398537477148
3656	0.10436432637571158
3657	0.2626728110599078
3658	0.1433628318584071
3659	0.1105121293800539
3660	0.2545931758530184
3661	0.15
3662	0.11465892597968069
3663	0.5310734463276836
3664	0.18272425249169436
3665	0.1616994292961319
3666	0.293598233995585
3667	0.24904798172124903
3668	0.3011542497376705
3669	0.21810699588477367
3670	0.3008130081300813
3671	0.12367491166077739
3672	0.14578005115089515
3673	0.1397459165154265
3674	0.20029133284777859
3675	0.19548872180451127
3676	0.22259887005649717
3677	0.11069418386491557
3678	0.1364562118126273
3679	0.20216606498194944
3680	0.14241486068111456
3681	0.10904872389791183
3682	0.14795008912655971
3683	0.1901840490797546
3684	0.1105121293800539
3685	0.13402061855670103
3686	0.3269230769230769
3687	0.2422360248447205
3688	0.14754098360655737
3689	0.11960542540073983
3690	0.140893470790378
3691	0.12165450121654502
3692	0.10058187863674148
3693	0.20220588235294118
3694	0.2607003891050584
3695	0.19614147909967847
3696	0.08074534161490683
3697	0.09819213045019497
3698	0.10891089108910891
3699	0.275626423690205
3700	0.2540192926045016
3701	0.13577981651376148
3702	0.21362229102167182
3703	0.41835147744945567
3704	0.1010752688172043
3705	0.16756112104949314
3706	0.16617033948779036
3707	0.2524850894632207
3708	0.18660287081339713
3709	0.32124352331606215
3710	0.09241952232606439
3711	0.5760456273764258
3712	0.19387755102040816
3713	0.34467120181405897
3714	0.2
3715	0.2603305785123967
3716	0.1598360655737705
3717	0.23300970873786409
3718	0.2569906790945406
3719	0.4128166915052161
3720	0.2837209302325581
3721	0.26222222222222225
3722	0.16774193548387098
3723	0.11764705882352941
3724	0.11225806451612903
3725	0.08170310701956271
3726	0.21963394342762063
3727	0.23157894736842105
3728	0.15384615384615385
3729	0.16224188790560473
3730	0.27941176470588236
3731	0.11783783783783784
3732	0.09821428571428571
3733	0.14907332796132153
3734	0.34579439252336447
3735	0.22077922077922077
3736	0.1799163179916318
3737	0.2483221476510067
3738	0.2775330396475771
3739	0.11672388425698872
3740	0.11634349030470914
3741	0.25660377358490566
3742	0.09531013615733737
3743	0.228310502283105
3744	0.2528180354267311
3745	0.10894941634241245
3746	0.19444444444444445
3747	0.0946969696969697
3748	0.15187713310580206
3749	0.16065573770491803
3750	0.17436661698956782
3751	0.15294117647058825
3752	0.1111111111111111
3753	0.3211009174311927
3754	0.29004329004329005
3755	0.36278059377262856
3756	0.1281273692191054
3757	0.23390894819466249
3758	0.404
3759	0.21333333333333335
3760	0.3002610966057441
3761	0.18058690744920994
3762	0.25878594249201275
3763	0.14385964912280702
3764	0.07042253521126761
3765	0.25868725868725867
3766	0.24869565217391304
3767	0.2539964476021314
3768	0.3375
3769	0.35
3770	0.21568627450980393
3771	0.22981366459627328
3772	0.4533333333333333
3773	0.3548387096774194
3774	0.1701720841300191
3775	0.1766990291262136
3776	0.6344086021505376
3777	0.6354166666666666
3778	0.30120481927710846
3779	0.3248081841432225
3780	0.2986111111111111
3781	0.28865979381443296
3782	0.1794871794871795
3783	0.18354430379746836
3784	0.20454545454545456
3785	0.20930232558139536
3786	0.19230769230769232
3787	0.4900763358778626
3788	0.4672489082969432
3789	0.18396226415094338
3790	0.10891089108910891
3791	0.10617283950617284
3792	0.16928446771378708
3793	0.11051693404634581
3794	0.12021857923497267
3795	0.26424870466321243
3796	0.13122171945701358
3797	0.13725490196078433
3798	0.2214765100671141
3799	0.1292517006802721
3800	0.19047619047619047
3801	0.22981366459627328
3802	0.1821561338289963
3803	0.16967509025270758
3804	0.17341040462427745
3805	0.2784090909090909
3806	0.27375886524822696
3807	0.2867332382310984
3808	0.147239263803681
3809	0.1509433962264151
3810	0.147239263803681
3811	0.1821561338289963
3812	0.1821561338289963
3813	0.16981132075471697
3814	0.2867132867132867
3815	0.20207253886010362
3816	0.23448275862068965
3817	0.22758620689655173
3818	0.19463087248322147
3819	0.18064516129032257
3820	0.125
3821	0.6078431372549019
3822	0.45161290322580644
3823	0.39814814814814814
3824	0.10088495575221239
3825	0.2844364937388193
3826	0.09584086799276673
3827	0.20361990950226244
3828	0.19831223628691982
3829	0.19167904903417535
3830	0.3865979381443299
3831	0.38838709677419353
3832	0.37869062901155326
3833	0.14375
3834	0.13395638629283488
3835	0.1377245508982036
3836	0.19083969465648856
3837	0.18857142857142858
3838	0.19165085388994307
3839	0.1786833855799373
3840	0.13043478260869565
3841	0.06290672451193059
3842	0.2703862660944206
3843	0.25957446808510637
3844	0.26495726495726496
3845	0.5804878048780487
3846	0.18699186991869918
3847	0.34285714285714286
3848	0.2159468438538206
3849	0.34050179211469533
3850	0.41333333333333333
3851	0.28517110266159695
3852	0.41025641025641024
3853	0.2946859903381642
3854	0.28421052631578947
3855	0.3383458646616541
3856	0.1597222222222222
3857	0.18490566037735848
3858	0.5949367088607594
3859	0.39215686274509803
3860	0.06597317273473857
3861	0.13333333333333333
3862	0.24904214559386972
3863	0.27472527472527475
3864	0.27899686520376177
3865	0.24873096446700507
3866	0.20952380952380953
3867	0.21107266435986158
3868	0.34572490706319703
3869	0.34507042253521125
3870	0.1464968152866242
3871	0.13043478260869565
3872	0.09225092250922509
3873	0.3922077922077922
3874	0.3811881188118812
3875	0.34814814814814815
3876	0.1360544217687075
3877	0.2824742268041237
3878	0.2863070539419087
3879	0.36054421768707484
3880	0.35714285714285715
3881	0.4588235294117647
3882	0.2751677852348993
3883	0.17714285714285713
3884	0.17045454545454544
3885	0.2465753424657534
3886	0.3415384615384615
3887	0.2779552715654952
3888	0.21739130434782608
3889	0.25311203319502074
3890	0.2824427480916031
3891	0.20833333333333334
3892	0.22058823529411764
3893	0.20610687022900764
3894	0.2966360856269113
3895	0.18620689655172415
3896	0.17829457364341086
3897	0.396078431372549
3898	0.11538461538461539
3899	0.12727272727272726
3900	0.12802768166089964
3901	0.13131313131313133
3902	0.1111111111111111
3903	0.13071895424836602
3904	0.1523809523809524
3905	0.17333333333333334
3906	0.15536105032822758
3907	0.34146341463414637
3908	0.34959349593495936
3909	0.34959349593495936
3910	0.216
3911	0.256198347107438
3912	0.256198347107438
3913	0.256198347107438
3914	0.2786885245901639
3915	0.19384615384615383
3916	0.20615384615384616
3917	0.20615384615384616
3918	0.16776750330250992
3919	0.18840579710144928
3920	0.18840579710144928
3921	0.18840579710144928
3922	0.10469314079422383
3923	0.11688311688311688
3924	0.11842105263157894
3925	0.11842105263157894
3926	0.13846153846153847
3927	0.17547568710359407
3928	0.18220338983050846
3929	0.18220338983050846
3930	0.16153846153846155
3931	0.17010309278350516
3932	0.17258883248730963
3933	0.17258883248730963
3934	0.10416666666666667
3935	0.218249075215783
3936	0.2037691401648999
3937	0.2060535506402794
3938	0.19677790563866512
3939	0.2522255192878338
3940	0.2522255192878338
3941	0.25073746312684364
3942	0.2754237288135593
3943	0.23711340206185566
3944	0.33184855233853006
3945	0.33184855233853006
3946	0.1616
3947	0.22359396433470508
3948	0.22482758620689655
3949	0.22482758620689655
3950	0.1064891846921797
3951	0.06333973128598848
3952	0.06333973128598848
3953	0.12418300653594772
3954	0.08152173913043478
3955	0.08152173913043478
3956	0.15373352855051245
3957	0.12857142857142856
3958	0.12857142857142856
3959	0.12125534950071326
3960	0.11271676300578035
3961	0.11271676300578035
3962	0.1510791366906475
3963	0.1510791366906475
3964	0.1111111111111111
3965	0.08695652173913043
3966	0.11587982832618025
3967	0.11587982832618025
3968	0.05504587155963303
3969	0.057208237986270026
3970	0.1888111888111888
3971	0.1888111888111888
3972	0.19287833827893175
3973	0.1111111111111111
3974	0.1944055944055944
3975	0.06743655546050756
3976	0.109375
3977	0.2891566265060241
3978	0.2891566265060241
3979	0.27403846153846156
3980	0.2815533980582524
3981	0.2022792022792023
3982	0.3263888888888889
3983	0.2618629173989455
3984	0.1893939393939394
3985	0.32838589981447125
3986	0.21739130434782608
3987	0.09615384615384616
3988	0.021929824561403508
3989	0.2352
3990	0.15743440233236153
3991	0.17045454545454544
3992	0.1657142857142857
3993	0.14366197183098592
3994	0.3228346456692913
3995	0.2225705329153605
3996	0.23275862068965517
3997	0.16339869281045752
3998	0.24019607843137256
3999	0.43736263736263736
4000	0.27011494252873564
4001	0.33201581027667987
4002	0.1794871794871795
4003	0.24719101123595505
4004	0.25691699604743085
4005	0.14678899082568808
4006	0.1492063492063492
4007	0.16556291390728478
4008	0.43410852713178294
4009	0.19327731092436976
4010	0.5364238410596026
4011	0.42105263157894735
4012	0.225130890052356
4013	0.165
4014	0.25
4015	0.28664072632944226
4016	0.3333333333333333
4017	0.22727272727272727
4018	0.27835051546391754
4019	0.373134328358209
4020	0.25
4021	0.21810699588477367
4022	0.2520775623268698
4023	0.2462686567164179
4024	0.1836734693877551
4025	0.1836734693877551
4026	0.17647058823529413
4027	0.1836734693877551
4028	0.2422360248447205
4029	0.22727272727272727
4030	0.18571428571428572
4031	0.3855421686746988
4032	0.30179445350734097
4033	0.15274784482758622
4034	0.23699421965317918
4035	0.42574257425742573
4036	0.1592356687898089
4037	0.5769230769230769
4038	0.07086614173228346
4039	0.5625
4040	0.20245398773006135
4041	0.3050847457627119
4042	0.23464912280701755
4043	0.23651895355045383
4044	0.06823027718550106
4045	0.0848078096400244
4046	0.16666666666666666
4047	0.09987029831387809
4048	0.20293398533007334
4049	0.2100456621004566
4050	0.2100456621004566
4051	0.06184850590687978
4052	0.07160096540627514
4053	0.1347708894878706
4054	0.10074074074074074
4055	0.13606340819022458
4056	0.16487252124645893
4057	0.21374865735767992
4058	0.0898876404494382
4059	0.11991869918699187
4060	0.4989293361884368
4061	0.4989293361884368
4062	0.5052473763118441
4063	0.536036036036036
4064	0.14754098360655737
4065	0.10780669144981413
4066	0.14754098360655737
4067	0.17032967032967034
4068	0.3222748815165877
4069	0.1732418524871355
4070	0.2353823088455772
4071	0.24550898203592814
4072	0.10573600552868002
4073	0.09593777009507347
4074	0.12448377581120944
4075	0.09115462525320729
4076	0.14613618974751338
4077	0.10338345864661654
4078	0.2604501607717042
4079	0.21718931475029035
4080	0.22943722943722944
4081	0.15568022440392706
4082	0.15568022440392706
4083	0.19938176197836166
4084	0.20556414219474498
4085	0.1510791366906475
4086	0.1153184165232358
4087	0.10699588477366255
4088	0.09800796812749003
4089	0.1101871101871102
4090	0.10065300607971178
4091	0.2627646326276463
4092	0.12588401697312587
4093	0.09023941068139964
4094	0.13901345291479822
4095	0.0967741935483871
4096	0.2698412698412698
4097	0.17647058823529413
4098	0.3235831809872029
4099	0.3486590038314176
4100	0.14315569487983282
4101	0.10743801652892562
4102	0.2248062015503876
4103	0.155599603567889
4104	0.12544802867383512
4105	0.14953271028037382
4106	0.17894736842105263
4107	0.14444444444444443
4108	0.15
4109	0.37897310513447435
4110	0.12056737588652482
4111	0.3011734028683181
4112	0.18548387096774194
4113	0.18309859154929578
4114	0.10975609756097561
4115	0.12915129151291513
4116	0.19850187265917604
4117	0.20821114369501467
4118	0.13801452784503632
4119	0.21719955898566704
4120	0.21012101210121012
4121	0.1574074074074074
4122	0.12574850299401197
4123	0.12455516014234876
4124	0.1323529411764706
4125	0.12149532710280374
4126	0.2063157894736842
4127	0.1282952548330404
4128	0.18963165075034105
4129	0.13002915451895045
4130	0.15072463768115943
4131	0.13675213675213677
4132	0.12367491166077739
4133	0.1477162293488824
4134	0.22499070286351805
4135	0.18091451292246521
4136	0.09016393442622951
4137	0.10107816711590296
4138	0.1133656815174239
4139	0.08627056059080228
4140	0.1133656815174239
4141	0.11634546752319772
4142	0.0755608028335301
4143	0.08638743455497382
4144	0.22777777777777777
4145	0.10869565217391304
4146	0.1029311520109066
4147	0.07628004179728318
4148	0.1042830540037244
4149	0.17822349570200574
4150	0.11367380560131796
4151	0.21863799283154123
4152	0.19408502772643252
4153	0.14911862791805622
4154	0.11572700296735905
4155	0.23790913531998045
4156	0.11581920903954802
4157	0.1952662721893491
4158	0.10189633375474083
4159	0.08370044052863436
4160	0.06966490299823633
4161	0.11814859926918392
4162	0.07841239109390126
4163	0.05709876543209876
4164	0.21644120707596254
4165	0.22397476340694006
4166	0.19883040935672514
4167	0.4441176470588235
4168	0.09033778476040849
4169	0.2896890343698854
4170	0.18608695652173912
4171	0.1450676982591876
4172	0.2727272727272727
4173	0.09508497932935232
4174	0.06353749284487693
4175	0.13171355498721227
4176	0.12927191679049035
4177	0.11290322580645161
4178	0.15891472868217055
4179	0.2784090909090909
4180	0.20722891566265061
4181	0.1166613974075245
4182	0.15270935960591134
4183	0.3136729222520107
4184	0.22794117647058823
4185	0.19111111111111112
4186	0.16376306620209058
4187	0.20430107526881722
4188	0.2077922077922078
4189	0.17391304347826086
4190	0.2504378283712785
4191	0.08260325406758448
4192	0.1366120218579235
4193	0.16680227827502034
4194	0.21368421052631578
4195	0.07140416809019474
4196	0.18571428571428572
4197	0.2016925246826516
4198	0.1906158357771261
4199	0.21212121212121213
4200	0.288135593220339
4201	0.43478260869565216
4202	0.13293051359516617
4203	0.13293051359516617
4204	0.21158690176322417
4205	0.057057057057057055
4206	0.07924528301886792
4207	0.2154696132596685
4208	0.12705530642750373
4209	0.18012422360248448
4210	0.42857142857142855
4211	0.5882352941176471
4212	0.17272727272727273
4213	0.49295774647887325
4214	0.15966386554621848
4215	0.3533834586466165
4216	0.1277533039647577
4217	0.4065934065934066
4218	0.38857142857142857
4219	0.2826086956521739
4220	0.2631578947368421
4221	0.26618705035971224
4222	0.12415349887133183
4223	0.48514851485148514
4224	0.30158730158730157
4225	0.3493975903614458
4226	0.1813953488372093
4227	0.14984709480122324
4228	0.22491349480968859
4229	0.21266968325791855
4230	0.42857142857142855
4231	0.37362637362637363
4232	0.3780487804878049
4233	0.30177514792899407
4234	0.2037037037037037
4235	0.35570469798657717
4236	0.4166666666666667
4237	0.2653061224489796
4238	0.44680851063829785
4239	0.17928286852589642
4240	0.14318706697459585
4241	0.21487603305785125
4242	0.16299559471365638
4243	0.4105263157894737
4244	0.3888888888888889
4245	0.19594594594594594
4246	0.2366412213740458
4247	0.64
4248	0.5833333333333334
4249	0.21367521367521367
4250	0.3230769230769231
4251	0.5319148936170213
4252	0.13554987212276215
4253	0.5466666666666666
4254	0.16339869281045752
4255	0.25333333333333335
4256	0.18885448916408668
4257	0.4339622641509434
4258	0.21649484536082475
4259	0.14204545454545456
4260	0.30303030303030304
4261	0.2
4262	0.1650485436893204
4263	0.5272727272727272
4264	0.3076923076923077
4265	0.3698630136986301
4266	0.7959183673469388
4267	0.38181818181818183
4268	0.7916666666666666
4269	0.8148148148148148
4270	0.5428571428571428
4271	0.38461538461538464
4272	0.4461538461538462
4273	0.24719101123595505
4274	0.2
4275	0.4074074074074074
4276	0.19480519480519481
4277	0.6666666666666666
4278	0.16981132075471697
4279	0.381294964028777
4280	0.35609756097560974
4281	0.3176470588235294
4282	0.2
4283	0.34328358208955223
4284	0.2716049382716049
4285	0.37142857142857144
4286	0.2777777777777778
4287	0.21951219512195122
4288	0.13486005089058525
4289	0.1332470892626132
4290	0.32894736842105265
4291	0.08673978065802593
4292	0.22044088176352705
4293	0.13615023474178403
4294	0.19322033898305085
4295	0.12474437627811862
4296	0.1760299625468165
4297	0.11817279046673287
4298	0.06609307782557684
4299	0.12441436751691827
4300	0.0901496693351897
4301	0.12311435523114356
4302	0.14986376021798364
4303	0.1449814126394052
4304	0.2907662082514735
4305	0.1976470588235294
4306	0.3333333333333333
4307	0.519916142557652
4308	0.19863597612958228
4309	0.10780669144981413
4310	0.09202453987730061
4311	0.1540041067761807
4312	0.16
4313	0.38181818181818183
4314	0.3157894736842105
4315	0.18731417244796827
4316	0.12753277711561384
4317	0.41899441340782123
4318	0.20833333333333334
4319	0.2911392405063291
4320	0.3248407643312102
4321	0.2532467532467532
4322	0.164969450101833
4323	0.16849015317286653
4324	0.2968036529680365
4325	0.2578616352201258
4326	0.1901840490797546
4327	0.30158730158730157
4328	0.23728813559322035
4329	0.2066115702479339
4330	0.6258064516129033
4331	0.2924791086350975
4332	0.5544554455445545
4333	0.3249211356466877
4334	0.2839506172839506
4335	0.31230283911671924
4336	0.3142857142857143
4337	0.425
4338	0.3333333333333333
4339	0.3381294964028777
4340	0.40625
4341	0.38961038961038963
4342	0.35947712418300654
4343	0.2391304347826087
4344	0.11627906976744186
4345	0.12643678160919541
4346	0.4845360824742268
4347	0.5189873417721519
4348	0.5128205128205128
4349	0.3375
4350	0.23404255319148937
4351	0.27472527472527475
4352	0.17293233082706766
4353	0.1111111111111111
4354	0.12568306010928962
4355	0.2112676056338028
4356	0.104
4357	0.12915129151291513
4358	0.3884297520661157
4359	0.2
4360	0.18248175182481752
4361	0.21585903083700442
4362	0.11711711711711711
4363	0.09036144578313253
4364	0.18020679468242246
4365	0.2751322751322751
4366	0.1377551020408163
4367	0.17057396928051738
4368	0.1831610044313146
4369	0.4725274725274725
4370	0.14583333333333334
4371	0.23076923076923078
4372	0.12422360248447205
4373	0.14370811615785556
4374	0.5246636771300448
4375	0.19951338199513383
4376	0.19658119658119658
4377	0.08946322067594434
4378	0.25
4379	0.09624796084828711
4380	0.312
4381	0.1558589306029579
4382	0.6312056737588653
4383	0.278855975485189
4384	0.25842696629213485
4385	0.3458646616541353
4386	0.19168591224018475
4387	0.07258064516129033
4388	0.21630804077010193
4389	0.17065390749601275
4390	0.20108695652173914
4391	0.43564356435643564
4392	0.12435765673175746
4393	0.39901477832512317
4394	0.08661417322834646
4395	0.08997429305912596
4396	0.20367936925098554
4397	0.4765432098765432
4398	0.27695167286245354
4399	0.1619718309859155
4400	0.15966386554621848
4401	0.12837837837837837
4402	0.12742616033755275
4403	0.7756563245823389
4404	0.21746575342465754
4405	0.23017408123791103
4406	0.44598765432098764
4407	0.2531824611032532
4408	0.19400630914826497
4409	0.5518072289156627
4410	0.2587646076794658
4411	0.1523809523809524
4412	0.12359550561797752
4413	0.2673684210526316
4414	0.18672199170124482
4415	0.17158469945355193
4416	0.21159420289855072
4417	0.16123778501628663
4418	0.14666666666666667
4419	0.1794871794871795
4420	0.20930232558139536
4421	0.3225806451612903
4422	0.45161290322580644
4423	0.36
4424	0.22807017543859648
4425	0.47692307692307695
4426	0.47692307692307695
4427	0.3333333333333333
4428	0.2962962962962963
4429	0.2549019607843137
4430	0.16666666666666666
4431	0.46875
4432	0.15213946117274169
4433	0.20838471023427868
4434	0.20824742268041238
4435	0.5804195804195804
4436	0.25942350332594233
4437	0.3763440860215054
4438	0.2222222222222222
4439	0.2782608695652174
4440	0.48514851485148514
4441	0.21649484536082475
4442	0.23974082073434125
4443	0.33640552995391704
4444	0.1518987341772152
4445	0.14516129032258066
4446	0.21149897330595482
4447	0.3081081081081081
4448	0.1111111111111111
4449	0.3931034482758621
4450	0.41317365269461076
4451	0.3772455089820359
4452	0.13358778625954199
4453	0.1916376306620209
4454	0.3333333333333333
4455	0.29180327868852457
4456	0.19617224880382775
4457	0.4
4458	0.3739130434782609
4459	0.1735735735735736
4460	0.35789473684210527
4461	0.15926892950391644
4462	0.2186046511627907
4463	0.10153846153846154
4464	0.27111111111111114
4465	0.2857142857142857
4466	0.16065573770491803
4467	0.2706766917293233
4468	0.10261569416498995
4469	0.09407665505226481
4470	0.09466437177280551
4471	0.1022964509394572
4472	0.12903225806451613
4473	0.45132743362831856
4474	0.22802547770700637
4475	0.18769230769230769
4476	0.19367588932806323
4477	0.3640699523052464
4478	0.3333333333333333
4479	0.631578947368421
4480	0.2906666666666667
4481	0.25970149253731345
4482	0.2527821939586645
4483	0.240981240981241
4484	0.20436817472698907
4485	0.17251461988304093
4486	0.12982456140350876
4487	0.17254901960784313
4488	0.1791530944625407
4489	0.22782608695652173
4490	0.25813449023861174
4491	0.2166172106824926
4492	0.36716417910447763
4493	0.16348547717842324
4494	0.09297052154195011
4495	0.1856594110115237
4496	0.13507377979568672
4497	0.25176470588235295
4498	0.2158968850698174
4499	0.3988439306358382
4500	0.2696629213483146
4501	0.3939393939393939
4502	0.1691948658109685
4503	0.3128205128205128
4504	0.1948529411764706
4505	0.21382842509603073
4506	0.2267037552155772
4507	0.3484069886947585
4508	0.32864321608040203
4509	0.1441543700340522
4510	0.16121212121212122
4511	0.30578512396694213
4512	0.16901408450704225
4513	0.19912948857453755
4514	0.21788617886178863
4515	0.20700985761226726
4516	0.11416490486257928
4517	0.25961538461538464
4518	0.22099447513812154
4519	0.19850187265917604
4520	0.4973821989528796
4521	0.15536480686695278
4522	0.23543123543123542
4523	0.17906786590351595
4524	0.1688963210702341
4525	0.16202945990180032
4526	0.08196721311475409
4527	0.07872174590802807
4528	0.11437908496732026
4529	0.4670487106017192
4530	0.22448979591836735
4531	0.3142857142857143
4532	0.17541229385307347
4533	0.16423712342079688
4534	0.23429710867397807
4535	0.10181818181818182
4536	0.08957055214723926
4537	0.2
4538	0.4394904458598726
4539	0.22857142857142856
4540	0.14736842105263157
4541	0.14056224899598393
4542	0.208955223880597
4543	0.10703363914373089
4544	0.32903225806451614
4545	0.23316062176165803
4546	0.23076923076923078
4547	0.25862068965517243
4548	0.5392156862745098
4549	0.5341365461847389
4550	0.3270440251572327
4551	0.34065934065934067
4552	0.4304635761589404
4553	0.12598425196850394
4554	0.0772748056698674
4555	0.0772748056698674
4556	0.20267611176702086
4557	0.20267611176702086
4558	0.07493309545049064
4559	0.07493309545049064
4560	0.10754955714888233
4561	0.10754955714888233
4562	0.16336913510457884
4563	0.16336913510457884
4564	0.11724137931034483
4565	0.11724137931034483
4566	0.2993119266055046
4567	0.2993119266055046
4568	0.330188679245283
4569	0.21739130434782608
4570	0.3269230769230769
4571	0.3852140077821012
4572	0.1292517006802721
4573	0.14741035856573706
4574	0.12149532710280374
4575	0.30344827586206896
4576	0.256198347107438
4577	0.26903553299492383
4578	0.42857142857142855
4579	0.13322091062394603
4580	0.45535714285714285
4581	0.2842809364548495
4582	0.2425249169435216
4583	0.14216867469879518
4584	0.2847124824684432
4585	0.46757679180887374
4586	0.15311510031678988
4587	0.4470588235294118
4588	0.292817679558011
4589	0.1540983606557377
4590	0.14595660749506903
4591	0.2177191328934967
4592	0.15166461159062886
4593	0.2569832402234637
4594	0.1225296442687747
4595	0.1362653208363374
4596	0.1317365269461078
4597	0.1715210355987055
4598	0.19672131147540983
4599	0.14153132250580047
4600	0.2863636363636364
4601	0.16455696202531644
4602	0.10382513661202186
4603	0.1457975986277873
4604	0.48344370860927155
4605	0.1751269035532995
4606	0.09293680297397769
4607	0.08287292817679558
4608	0.14666666666666667
4609	0.14317548746518105
4610	0.18181818181818182
4611	0.23636363636363636
4612	0.1661807580174927
4613	0.11535269709543569
4614	0.10497237569060773
4615	0.1411764705882353
4616	0.1671659676452966
4617	0.15008431703204048
4618	0.47911547911547914
4619	0.0851063829787234
4620	0.23232323232323232
4621	0.07875894988066826
4622	0.23809523809523808
4623	0.2462809917355372
4624	0.2328767123287671
4625	0.22916666666666666
4626	0.1532258064516129
4627	0.15695067264573992
4628	0.28735632183908044
4629	0.23217550274223034
4630	0.30685920577617326
4631	0.15018315018315018
4632	0.12023460410557185
4633	0.5360824742268041
4634	0.195822454308094
4635	0.25539568345323743
4636	0.38148984198645597
4637	0.20921658986175115
4638	0.21428571428571427
4639	0.0694980694980695
4640	0.2388663967611336
4641	0.2080536912751678
4642	0.20531757754800592
4643	0.12643678160919541
4644	0.36363636363636365
4645	0.11262798634812286
4646	0.1299638989169675
4647	0.1965065502183406
4648	0.1695501730103806
4649	0.22435897435897437
4650	0.3241758241758242
4651	0.0784313725490196
4652	0.1232583065380493
4653	0.09933774834437085
4654	0.10789049919484701
4655	0.12199807877041306
4656	0.23667377398720682
4657	0.11861313868613138
4658	0.20670391061452514
4659	0.40966921119592875
4660	0.2545454545454545
4661	0.45714285714285713
4662	0.21739130434782608
4663	0.3004115226337449
4664	0.13245033112582782
4665	0.21794871794871795
4666	0.26356589147286824
4667	0.6846846846846847
4668	0.20754716981132076
4669	0.34065934065934067
4670	0.2903225806451613
4671	0.2777777777777778
4672	0.41280353200883
4673	0.22666666666666666
4674	0.2980132450331126
4675	0.07714285714285714
4676	0.09655937846836848
4677	0.22580645161290322
4678	0.1828793774319066
4679	0.2116788321167883
4680	0.3652173913043478
4681	0.2
4682	0.2
4683	0.26506024096385544
4684	0.2108843537414966
4685	0.16724336793540945
4686	0.25333333333333335
4687	0.2948717948717949
4688	0.1839080459770115
4689	0.12727272727272726
4690	0.27419354838709675
4691	0.28936170212765955
4692	0.17055655296229802
4693	0.09956709956709957
4694	0.12211221122112212
4695	0.16770186335403728
4696	0.13136729222520108
4697	0.15586206896551724
4698	0.3236363636363636
4699	0.21551724137931033
4700	0.16
4701	0.16939890710382513
4702	0.22741433021806853
4703	0.3089005235602094
4704	0.2620320855614973
4705	0.17370892018779344
4706	0.15481171548117154
4707	0.329004329004329
4708	0.3360488798370672
4709	0.14634146341463414
4710	0.3215686274509804
4711	0.16770186335403728
4712	0.35384615384615387
4713	0.3333333333333333
4714	0.2138728323699422
4715	0.29411764705882354
4716	0.296875
4717	0.13984168865435356
4718	0.15508021390374332
4719	0.23325635103926096
4720	0.15897435897435896
4721	0.24767225325884543
4722	0.22448979591836735
4723	0.16756756756756758
4724	0.3888888888888889
4725	0.275
4726	0.11190476190476191
4727	0.24666666666666667
4728	0.24554183813443073
4729	0.25842696629213485
4730	0.11390635918937805
4731	0.21367521367521367
4732	0.11142256482130343
4733	0.25217391304347825
4734	0.46774193548387094
4735	0.13268608414239483
4736	0.06839186691312385
4737	0.2672413793103448
4738	0.08201892744479496
4739	0.08418891170431211
4740	0.15721649484536082
4741	0.23255813953488372
4742	0.15812917594654788
4743	0.08971553610503283
4744	0.22137404580152673
4745	0.14461538461538462
4746	0.23618090452261306
4747	0.6613756613756614
4748	0.2837209302325581
4749	0.5104166666666666
4750	0.2
4751	0.15367483296213807
4752	0.22019334049409237
4753	0.12617159336697908
4754	0.10315949752569471
4755	0.09153605015673981
4756	0.13523809523809524
4757	0.13174404015056462
4758	0.1262135922330097
4759	0.21922626025791325
4760	0.13839285714285715
4761	0.33035714285714285
4762	0.22482758620689655
4763	0.12698412698412698
4764	0.04716981132075472
4765	0.1777301927194861
4766	0.14100486223662884
4767	0.34959349593495936
4768	0.2396694214876033
4769	0.2
4770	0.18840579710144928
4771	0.11688311688311688
4772	0.18025751072961374
4773	0.06906906906906907
4774	0.22012578616352202
4775	0.14425427872860636
4776	0.09959072305593451
4777	0.11553784860557768
4778	0.18624641833810887
4779	0.06060606060606061
4780	0.10735294117647058
4781	0.5310734463276836
4782	0.17803660565723795
4783	0.18820861678004536
4784	0.29605866177818513
4785	0.1945762711864407
4786	0.1896551724137931
4787	0.2126984126984127
4788	0.16602809706257982
4789	0.2824074074074074
4790	0.07099879663056559
4791	0.1616994292961319
4792	0.293598233995585
4793	0.24904798172124903
4794	0.3
4795	0.49682107175295187
4796	0.4491150442477876
4797	0.27586206896551724
4798	0.6521739130434783
4799	0.35294117647058826
4800	0.2246153846153846
4801	0.3409090909090909
4802	0.11904761904761904
4803	0.19732441471571907
4804	0.24022346368715083
4805	0.3888888888888889
4806	0.34299516908212563
4807	0.68
4808	0.3617021276595745
4809	0.21818181818181817
4810	0.2987012987012987
4811	0.3218390804597701
4812	0.2265193370165746
4813	0.41379310344827586
4814	0.5454545454545454
4815	0.49682107175295187
4816	0.4491150442477876
4817	0.27586206896551724
4818	0.7818181818181819
4819	0.6216216216216216
4820	0.7286012526096033
4821	0.22950819672131148
4822	0.6521739130434783
4823	0.35294117647058826
4824	0.2246153846153846
4825	0.3409090909090909
4826	0.11904761904761904
4827	0.1768857520952801
4828	0.36585365853658536
4829	0.14678899082568808
4830	0.7209302325581395
4831	0.15363881401617252
4832	0.31958762886597936
4833	0.31343283582089554
4834	0.11925465838509317
4835	0.4482758620689655
4836	0.15430520034100598
4837	0.2857142857142857
4838	0.35135135135135137
4839	0.14358974358974358
4840	0.31592689295039167
4841	0.5882352941176471
4842	0.34317343173431736
4843	0.14930808448652585
4844	0.5205992509363296
4845	0.4
4846	0.05377483443708609
4847	0.1076923076923077
4848	0.08787128712871287
4849	0.06328623959744532
4850	0.11440584200044257
4851	0.08662800913723423
4852	0.08148704468644385
4853	0.20909090909090908
4854	0.03690036900369004
4855	0.21222410865874364
4856	0.18307804522246535
4857	0.2602040816326531
4858	0.2738719832109129
4859	0.12296564195298372
4860	0.135632183908046
4861	0.12732919254658384
4862	0.15726290516206481
4863	0.1892744479495268
4864	0.19678714859437751
4865	0.25553319919517103
4866	0.46853146853146854
4867	0.20205920205920205
4868	0.19831223628691982
4869	0.1926458832933653
4870	0.3283018867924528
4871	0.16151202749140894
4872	0.12737127371273713
4873	0.15636363636363637
4874	0.3669634025717112
4875	0.15401857188600704
4876	0.13593882752761258
4877	0.2048805287239451
4878	0.09055310817425355
4879	0.2554958475818271
4880	0.12890194638266617
4881	0.19982736296935694
4882	0.2755905511811024
4883	0.17447916666666666
4884	0.14349321999595224
4885	0.15070422535211267
4886	0.15070422535211267
4887	0.09971509971509972
4888	0.2334152334152334
4889	0.1971153846153846
4890	0.2761904761904762
4891	0.3150684931506849
4892	0.21888412017167383
4893	0.38565022421524664
4894	0.28
4895	0.18662952646239556
4896	0.4325068870523416
4897	0.2536443148688047
4898	0.2
4899	0.24714828897338403
4900	0.18503118503118504
4901	0.34185303514376997
4902	0.16293929712460065
4903	0.21551724137931033
4904	0.1722488038277512
4905	0.23711340206185566
4906	0.10122358175750834
4907	0.22359396433470508
4908	0.1072961373390558
4909	0.1064891846921797
4910	0.19262981574539365
4911	0.12418300653594772
4912	0.11337209302325581
4913	0.15373352855051245
4914	0.15714285714285714
4915	0.12125534950071326
4916	0.10344827586206896
4917	0.0962566844919786
4918	0.11510791366906475
4919	0.08695652173913043
4920	0.050359712230215826
4921	0.05504587155963303
4922	0.057208237986270026
4923	0.08480565371024736
4924	0.09883720930232558
4925	0.09565217391304348
4926	0.1944055944055944
4927	0.12994350282485875
4928	0.34146341463414637
4929	0.17289719626168223
4930	0.256198347107438
4931	0.22380952380952382
4932	0.19384615384615383
4933	0.1273792093704246
4934	0.18840579710144928
4935	0.11504424778761062
4936	0.11688311688311688
4937	0.08663729809104258
4938	0.17547568710359407
4939	0.16774193548387098
4940	0.17010309278350516
4941	0.1564310544611819
4942	0.218249075215783
4943	0.10124333925399645
4944	0.2522255192878338
4945	0.15398230088495576
4946	0.1016949152542373
4947	0.22007722007722008
4948	0.2846153846153846
4949	0.41044776119402987
4950	0.2765957446808511
4951	0.21739130434782608
4952	0.23316062176165803
4953	0.22491349480968859
4954	0.12199807877041306
4955	0.15167095115681234
4956	0.2558139534883721
4957	0.20597014925373133
4958	0.14814814814814814
4959	0.1638418079096045
4960	0.2839506172839506
4961	0.10679611650485436
4962	0.10843373493975904
4963	0.10843373493975904
4964	0.10843373493975904
4965	0.2761904761904762
4966	0.21621621621621623
4967	0.34615384615384615
4968	0.17006802721088435
4969	0.17834394904458598
4970	0.22033898305084745
4971	0.24489795918367346
4972	0.13986013986013987
4973	0.3302752293577982
4974	0.2803738317757009
4975	0.2560646900269542
4976	0.1597222222222222
4977	0.2255125284738041
4978	0.4153846153846154
4979	0.11811023622047244
4980	0.17216117216117216
4981	0.2336448598130841
4982	0.09558823529411764
4983	0.28135593220338984
4984	0.12477396021699819
4985	0.1623931623931624
4986	0.18055555555555555
4987	0.15079365079365079
4988	0.1927710843373494
4989	0.38461538461538464
4990	0.1901840490797546
4991	0.12994350282485875
4992	0.2679738562091503
4993	0.4260869565217391
4994	0.36428571428571427
4995	0.32342007434944237
4996	0.1111111111111111
4997	0.24102564102564103
4998	0.2781065088757396
4999	0.1773049645390071
5000	0.34710743801652894
5001	0.22043010752688172
5002	0.23129251700680273
5003	0.2711864406779661
5004	0.1724137931034483
5005	0.4411764705882353
5006	0.4411764705882353
5007	0.06437768240343347
5008	0.5873015873015873
5009	0.2328767123287671
5010	0.24607329842931938
5011	0.2874493927125506
5012	0.5660377358490566
5013	0.2636363636363636
5014	0.2782608695652174
5015	0.1551230681167716
5016	0.1722520107238606
5017	0.2616136919315403
5018	0.16901408450704225
5019	0.22727272727272727
5020	0.08393285371702638
5021	0.14646464646464646
5022	0.14634146341463414
5023	0.1683991683991684
5024	0.23902439024390243
5025	0.14285714285714285
5026	0.18686868686868688
5027	0.15161290322580645
5028	0.13629842180774748
5029	0.10492505353319058
5030	0.29411764705882354
5031	0.15254237288135594
5032	0.17370892018779344
5033	0.17721518987341772
5034	0.1571072319201995
5035	0.29535864978902954
5036	0.16818181818181818
5037	0.13555992141453832
5038	0.1536926147704591
5039	0.1276595744680851
5040	0.11484593837535013
5041	0.12834978843441466
5042	0.12710566615620214
5043	0.25308641975308643
5044	0.14068441064638784
5045	0.1717171717171717
5046	0.12312312312312312
5047	0.12302839116719243
5048	0.19665271966527198
5049	0.16195372750642673
5050	0.16981132075471697
5051	0.09864603481624758
5052	0.24471299093655588
5053	0.21379310344827587
5054	0.12081984897518878
5055	0.20411985018726592
5056	0.31840796019900497
5057	0.2032
5058	0.13135593220338984
5059	0.2558139534883721
5060	0.22448979591836735
5061	0.1450381679389313
5062	0.17253521126760563
5063	0.3073170731707317
5064	0.21348314606741572
5065	0.15037593984962405
5066	0.16147308781869688
5067	0.08042895442359249
5068	0.10396039603960396
5069	0.25301204819277107
5070	0.2596685082872928
5071	0.22362869198312235
5072	0.5772870662460567
5073	0.1875
5074	0.21674876847290642
5075	0.2846715328467153
5076	0.1266540642722117
5077	0.1276595744680851
5078	0.1702127659574468
5079	0.32432432432432434
5080	0.17419354838709677
5081	0.2376237623762376
5082	0.5737704918032787
5083	0.45454545454545453
5084	0.09633649932157395
5085	0.3548387096774194
5086	0.16279069767441862
5087	0.18781725888324874
5088	0.16376306620209058
5089	0.5494327390599676
5090	0.3673036093418259
5091	0.2108843537414966
5092	0.2667814113597246
5093	0.28735632183908044
5094	0.30952380952380953
5095	0.39903846153846156
5096	0.2177121771217712
5097	0.13853317811408614
5098	0.13224755700325733
5099	0.16260522817899867
5100	0.15845824411134904
5101	0.23529411764705882
5102	0.1188212927756654
5103	0.39622641509433965
5104	0.1897607122982749
5105	0.2839285714285714
5106	0.1836734693877551
5107	0.26597938144329897
5108	0.10382513661202186
5109	0.1457975986277873
5110	0.48344370860927155
5111	0.1751269035532995
5112	0.2211803640375069
5113	0.15100671140939598
5114	0.048694424841213835
5115	0.2639678822348612
5116	0.20523065746458408
5117	0.1045717288491855
5118	0.17347725520431764
5119	0.10159651669085631
5120	0.17355371900826447
5121	0.19912693082605776
5122	0.10194174757281553
5123	0.10549486385129626
5124	0.12690355329949238
5125	0.05858585858585859
5126	0.1037940379403794
5127	0.45958429561200925
5128	0.24511545293072823
5129	0.10638297872340426
5130	0.10638297872340426
5131	0.16083916083916083
5132	0.16755602988260407
5133	0.3445378151260504
5134	0.20679886685552407
5135	0.09322709163346614
5136	0.18409425625920472
5137	0.2968036529680365
5138	0.2419889502762431
5139	0.5105740181268882
5140	0.2116279069767442
5141	0.07878787878787878
5142	0.18935837245696402
5143	0.14328358208955225
5144	0.10570469798657718
5145	0.15906288532675708
5146	0.06683480453972257
5147	0.15983026874115983
5148	0.24184476940382452
5149	0.10487444608567208
5150	0.11488511488511488
5151	0.09392265193370165
5152	0.13020134228187918
5153	0.11731135066582118
5154	0.45595854922279794
5155	0.15294117647058825
5156	0.056179775280898875
5157	0.30434782608695654
5158	0.1111111111111111
5159	0.2159709618874773
5160	0.2037037037037037
5161	0.28695652173913044
5162	0.36423841059602646
5163	0.4376321353065539
5164	0.14423076923076922
5165	0.1845841784989858
5166	0.10424710424710425
5167	0.18120805369127516
5168	0.1794871794871795
5169	0.15789473684210525
5170	0.23605150214592274
5171	0.30612244897959184
5172	0.2874493927125506
5173	0.31007751937984496
5174	0.33093525179856115
5175	0.42441860465116277
5176	0.12236286919831224
5177	0.3581395348837209
5178	0.22789539227895392
5179	0.12323612417685795
5180	0.19402985074626866
5181	0.08076923076923077
5182	0.17667238421955403
5183	0.16439688715953307
5184	0.1347113328581611
5185	0.11861313868613138
5186	0.1936127744510978
5187	0.21711568938193343
5188	0.10091743119266056
5189	0.19765166340508805
5190	0.2255125284738041
5191	0.13202933985330073
5192	0.1564245810055866
5193	0.28695652173913044
5194	0.29315068493150687
5195	0.5365344467640919
5196	0.5303265940902022
5197	0.11428571428571428
5198	0.09379509379509379
5199	0.14285714285714285
5200	0.17478510028653296
5201	0.15862068965517243
5202	0.09622411693057248
5203	0.2273781902552204
5204	0.20853080568720378
5205	0.1876675603217158
5206	0.42157953281423804
5207	0.34775888717156106
5208	0.15141430948419302
5209	0.2664576802507837
5210	0.13163335630599587
5211	0.11278195488721804
5212	0.2563817980022198
5213	0.20236920039486672
5214	0.18990384615384615
5215	0.14616019818331957
5216	0.1510791366906475
5217	0.18270079435127978
5218	0.15771028037383178
5219	0.07272727272727272
5220	0.12476007677543186
5221	0.16898608349900596
5222	0.141852286049238
5223	0.18811881188118812
5224	0.1686046511627907
5225	0.2274562584118439
5226	0.24598930481283424
5227	0.3081510934393638
5228	0.16135662898252826
5229	0.24186046511627907
5230	0.2026315789473684
5231	0.29292929292929293
5232	0.36180308422301305
5233	0.164021164021164
5234	0.10153396639883126
5235	0.09052631578947369
5236	0.09428129829984544
5237	0.14151436031331593
5238	0.1013557133634603
