4146	61
510	35
364	19
368	17
316	16
680	17
560	20
512	17
900	16
644	15
1720	24
448	18
372	17
568	16
520	20
372	17
312	16
196	16
106	16
154	15
172	14
178	16
256	14
248	17
86	15
496	15
664	13
636	26
460	15
1012	29
372	13
348	20
312	16
4272	46
140	27
1928	26
2712	41
3048	26
846	24
2164	24
342	11
112	10
72	7
84	10
198	11
194	13
1408	27
80	25
294	32
900	37
452	26
526	31
1248	31
122	11
1124	27
1158	28
998	27
666	25
2336	24
1284	28
1048	25
1622	32
1004	22
3258	41
1016	24
654	34
3582	43
1706	42
1524	32
186	14
138	14
88	12
78	11
150	15
150	15
104	13
2336	24
82	12
188	13
172	15
142	15
106	12
196	15
142	12
108	14
170	14
142	14
216	13
164	12
164	12
156	11
156	11
154	14
154	14
456	21
154	17
130	14
130	14
130	14
106	21
118	12
132	13
342	19
342	17
158	16
158	16
140	13
156	11
206	19
184	13
76	12
144	11
128	15
148	11
148	11
102	14
128	18
218	15
318	16
318	16
252	18
134	11
110	12
118	12
424	18
122	16
100	14
90	18
154	15
96	9
148	10
138	15
106	11
232	14
148	15
344	21
82	17
82	17
94	13
238	16
154	16
86	13
194	15
82	13
98	14
102	10
188	13
114	11
118	11
150	13
134	15
134	15
172	18
110	14
110	14
144	14
776	17
776	17
756	38
756	38
124	15
154	12
262	18
112	12
174	15
160	15
98	14
112	12
136	12
140	13
168	13
118	14
110	13
144	16
114	12
114	12
360	18
172	13
106	11
124	13
144	17
116	13
116	14
106	12
1262	23
112	9
302	22
104	16
110	16
110	14
174	11
154	11
154	11
482	19
382	24
496	21
188	17
108	14
198	13
160	12
154	13
158	15
176	12
176	12
100	11
146	18
150	18
146	18
94	12
158	14
104	10
160	17
84	15
136	13
164	14
112	15
252	16
252	16
128	15
118	15
428	19
144	17
124	10
154	14
128	18
1024	24
1606	27
1004	24
104	10
104	10
1276	27
118	13
1750	26
1322	21
238	15
112	9
194	13
104	13
90	12
88	12
150	13
1140	22
1140	22
114	11
116	11
260	16
260	16
82	10
140	14
116	15
70	12
148	11
166	13
138	12
144	14
162	15
132	14
142	15
350	17
162	15
134	13
78	11
104	12
144	14
120	17
318	16
246	15
246	15
246	15
246	16
232	14
232	14
188	16
158	18
158	18
146	10
124	15
162	13
162	13
154	12
168	15
168	15
144	15
148	15
108	11
216	19
216	19
164	11
164	11
102	13
140	14
164	15
116	10
240	13
240	13
152	13
180	13
226	16
554	18
152	13
172	17
232	18
104	15
114	13
132	12
132	12
132	12
132	12
154	14
158	17
106	13
106	15
150	13
134	13
98	14
128	16
128	17
128	17
90	17
110	15
102	16
124	15
128	16
152	13
112	14
110	17
116	11
126	17
248	17
148	17
234	17
108	15
168	19
88	13
174	16
102	10
134	17
102	15
146	20
390	23
172	12
124	13
134	13
192	15
724	25
146	11
724	25
138	11
168	14
160	12
78	10
112	12
72	13
148	12
154	14
140	13
144	15
156	14
220	16
128	11
132	15
76	16
132	12
198	16
198	16
130	15
162	9
142	11
140	14
140	16
114	13
106	11
122	12
276	19
168	15
188	15
132	14
178	16
82	13
166	20
146	14
118	13
160	13
118	16
118	18
78	10
106	14
148	11
190	15
108	15
98	12
100	14
112	14
162	10
126	16
156	19
164	14
166	14
200	13
208	16
110	12
144	10
118	11
186	13
82	15
188	18
226	15
170	16
100	10
176	13
178	14
248	13
92	12
104	13
178	13
118	11
240	14
170	14
162	14
84	12
1076	18
130	13
152	14
118	12
94	14
158	12
140	14
74	15
74	15
86	11
140	16
160	14
150	15
278	15
74	12
116	11
146	14
134	16
164	15
122	16
156	13
128	12
88	11
178	12
100	13
172	14
180	15
182	14
158	13
158	15
160	14
154	17
150	11
138	12
102	12
338	14
102	13
90	14
92	12
162	15
134	12
188	13
142	13
420	21
176	14
132	13
132	13
174	15
90	13
96	12
120	14
136	11
136	12
154	17
144	14
116	13
260	13
106	11
122	13
156	12
92	14
116	10
240	15
216	13
134	12
110	13
98	13
128	12
106	15
74	11
178	16
164	15
134	13
96	14
146	13
242	19
168	14
92	16
108	15
204	16
94	16
102	13
94	10
118	16
198	13
132	17
344	17
112	10
168	19
110	15
172	15
148	16
136	14
108	16
90	14
118	11
144	16
90	8
278	18
152	17
100	15
152	18
146	16
156	15
90	10
96	12
196	12
128	14
124	14
170	14
348	19
88	12
136	15
218	20
522	19
1328	21
664	24
888	23
310	25
1346	24
1606	28
1894	26
1656	23
508	23
762	22
1504	30
1990	29
840	22
758	26
602	20
874	26
856	27
534	20
1256	28
1938	30
936	29
670	37
620	23
234	17
564	19
412	22
272	14
492	14
1480	30
434	18
472	25
892	31
224	23
668	26
548	19
384	20
1290	29
550	29
356	16
7488	47
3652	49
2152	33
918	30
2476	30
3994	37
870	26
3266	33
2902	30
732	27
1278	25
3268	31
926	26
2664	28
2126	28
586	28
1066	27
2424	33
876	33
1208	29
2844	38
636	27
1806	34
2036	38
1730	39
2210	46
2344	46
3010	41
2988	45
2164	43
4046	46
2682	40
1878	45
2360	46
2190	44
2798	46
1810	46
2444	39
3684	43
1502	47
1992	43
1812	39
1738	44
8638	49
630	28
914	31
632	21
2234	29
664	21
1476	25
1864	28
4366	47
3486	33
1074	31
848	26
888	23
1938	29
2172	33
3066	47
1934	38
1038	29
992	31
1262	42
2256	43
1516	31
1460	35
470	31
924	32
674	22
1146	25
1568	28
7772	46
2766	39
1210	25
632	24
762	18
570	20
1920	29
4598	46
2618	35
240	24
652	24
534	24
618	19
954	29
11354	49
1670	36
1106	31
1332	30
938	28
1266	27
2088	36
1866	46
1666	43
3384	46
1970	47
1810	43
2618	42
2104	44
612	38
2904	37
3804	46
3370	38
1806	46
1544	43
1538	42
2942	44
2362	40
666	33
618	27
916	36
536	27
1216	30
1192	31
644	21
644	21
310	19
652	19
310	18
254	17
1148	28
1128	28
380	24
392	23
886	19
820	19
596	35
1196	35
318	27
636	27
364	18
356	18
428	19
1320	35
1384	35
1088	41
424	21
848	21
1540	32
2348	24
2296	23
412	24
1392	39
1392	40
644	31
322	27
820	23
396	21
1128	23
1158	23
746	22
716	35
1432	35
1432	35
668	26
644	26
656	25
542	18
540	18
544	18
600	28
1228	36
1228	35
1228	35
308	28
636	25
868	30
212	19
252	16
440	19
1248	34
1240	35
1232	34
452	20
968	21
1372	25
810	32
1622	32
1602	32
1308	41
1336	37
1388	37
532	23
1064	23
1064	26
656	29
828	30
1920	34
1144	34
1144	34
1144	34
412	19
532	19
292	16
624	17
564	16
152	14
592	26
640	24
428	17
580	30
272	26
620	16
574	16
332	17
214	20
10738	50
470	24
696	31
748	31
704	26
476	34
506	34
646	27
792	31
784	30
662	27
708	35
880	33
854	24
1076	35
1082	35
1260	26
1772	40
888	40
650	26
392	36
318	35
614	28
442	34
442	33
624	31
840	41
864	42
660	20
700	28
818	28
642	26
454	40
466	40
748	29
540	36
434	37
556	30
334	39
344	40
624	25
834	33
856	34
686	24
704	40
752	39
1132	39
506	23
570	23
570	23
1298	41
494	23
562	23
562	23
774	41
656	22
740	22
740	22
2108	42
990	23
1090	23
1090	23
1372	46
644	27
712	27
712	27
1986	41
970	25
1088	25
1088	25
852	43
794	27
868	27
868	27
1762	45
1728	32
1836	32
1824	32
2068	42
694	26
712	26
702	26
1308	43
790	25
1010	25
1010	25
2072	47
1706	26
1776	26
1776	26
2498	30
1096	26
1096	26
1846	24
1524	25
1524	25
1376	25
1438	37
1438	37
1418	37
1470	30
1470	30
1498	25
1498	25
552	25
560	24
952	24
952	24
876	22
876	22
1584	27
1584	27
1148	49
1130	48
1442	26
29350	39
574	19
870	30
870	30
1000	29
1472	26
1470	48
672	22
1316	21
2164	41
1104	26
836	31
1050	22
1016	32
1296	23
1756	30
706	24
412	22
784	26
342	33
1382	27
748	36
826	34
1876	25
1066	35
1442	27
1054	27
544	29
446	28
512	24
1358	35
688	24
1646	28
1666	33
508	23
642	28
136	26
562	37
1232	26
548	41
1610	36
278	14
356	19
212	17
270	15
338	17
1002	29
724	25
1106	25
400	15
400	15
554	15
400	15
978	23
1564	27
2972	29
424	27
1256	30
15542	46
352	12
212	13
420	14
236	15
272	12
200	14
346	18
500	16
5474	45
5296	40
4954	36
4216	35
736	25
2640	48
1680	26
924	26
924	26
3860	41
2512	26
1522	30
3812	44
1540	30
5366	41
3002	39
3426	36
2604	35
1528	45
1528	45
2004	42
1318	41
654	20
1806	43
666	20
1950	37
886	26
1258	28
2548	47
1644	45
3770	39
2464	23
4756	41
3200	34
3326	43
2186	30
1714	40
2268	39
1106	38
1802	42
1798	42
1722	41
1674	40
598	18
1524	30
1012	23
2640	32
4314	45
10384	41
1676	30
3520	34
2454	25
448	21
254	20
272	20
300	21
1104	28
1174	29
2072	30
492	19
318	19
2246	29
700	26
656	24
836	27
368	20
444	21
1722	28
334	20
1566	34
2026	32
2004	31
338	22
1104	22
556	18
696	18
958	22
2016	37
1988	36
892	27
770	22
4162	32
652	24
2586	39
1996	31
3668	36
1528	26
5710	48
3002	36
602	29
1858	54
4246	33
7238	59
3334	31
2350	49
4140	45
4708	38
8320	48
4708	38
3640	54
4984	48
6822	48
1494	30
2924	56
3070	33
2040	35
3422	53
3640	35
1302	31
1836	35
1114	28
4378	32
1366	23
4446	34
1496	25
360	24
10754	48
3902	41
5436	45
3378	31
4640	40
2812	33
4244	26
696	25
708	19
3060	39
2716	29
1288	33
1366	22
1062	28
1082	24
4730	30
3704	35
3388	34
1552	18
1326	30
1052	26
780	24
3488	36
6498	31
1294	27
782	25
616	22
1476	23
1200	22
1006	25
1360	28
2344	39
1216	25
3406	32
398	25
2588	32
4094	36
6000	39
1000	25
1492	21
1430	21
668	24
890	23
310	25
1346	24
1346	24
1620	28
736	26
576	20
442	21
1476	30
770	33
164	20
320	25
560	20
300	29
504	16
366	22
634	30
232	25
714	18
278	28
532	31
342	25
890	18
304	26
262	16
210	22
1108	36
798	33
724	29
518	27
134	24
376	20
518	32
346	24
390	34
366	25
492	33
300	20
180	37
1110	27
2664	34
902	36
724	52
1148	31
586	39
784	23
1084	43
106	17
134	25
474	18
376	35
138	24
792	22
298	36
484	29
764	33
770	31
510	23
216	19
942	30
194	28
328	20
330	23
190	25
208	22
536	28
204	13
198	20
200	14
134	21
370	14
286	21
538	19
382	15
326	25
112	18
626	30
106	17
346	22
346	21
446	22
196	22
328	20
168	25
388	20
286	21
94	15
378	22
1270	42
9544	37
1068	38
2644	40
2044	28
1782	27
602	25
1058	23
2140	49
3470	50
7092	48
10864	51
7500	50
10996	51
996	31
686	34
2256	34
1908	29
820	31
2168	36
3272	47
1346	41
1226	39
2640	43
698	37
224	21
1134	36
2360	36
2224	32
530	36
518	28
448	38
454	36
724	29
1264	42
1196	42
474	24
484	35
488	36
408	27
364	39
366	40
472	23
966	36
592	35
724	35
418	26
724	33
720	35
552	30
870	36
862	36
360	20
450	34
438	34
536	29
752	44
762	44
440	25
434	38
432	38
484	28
742	38
752	39
652	23
548	32
558	32
452	29
774	38
842	37
516	24
424	38
416	38
620	26
876	35
880	35
3076	30
848	20
814	28
2560	27
3066	30
202	19
794	28
1180	23
666	23
2878	23
450	24
1704	28
738	21
2030	20
334	17
1246	17
514	26
1778	26
578	24
2164	31
358	22
1092	21
918	22
2020	22
1940	36
1320	29
1722	33
484	28
1978	27
836	25
2280	28
800	22
1726	29
838	25
2180	25
1228	29
1544	28
1434	30
2432	27
858	25
2444	31
1040	26
2656	30
1464	28
2542	29
848	33
1214	35
2142	31
550	22
2860	30
488	28
1886	30
1840	41
3870	47
2354	45
908	42
106	14
132	16
132	16
106	15
120	14
136	13
136	12
158	15
112	13
112	15
158	15
138	13
2884	35
1856	31
1336	32
432	29
1026	27
272	28
1032	30
1108	30
1184	28
1180	28
1076	25
640	26
1864	32
3048	46
1760	33
616	30
924	28
472	29
540	40
550	33
3024	43
706	33
128	29
860	27
1000	29
422	24
342	33
4942	45
386	25
1114	33
664	33
1006	39
1712	47
1456	37
868	29
1392	31
1616	33
1316	26
1186	28
2176	28
1828	26
384	23
1624	21
760	24
520	19
1476	28
1284	26
256	26
840	22
1464	33
1268	30
1560	28
1340	27
1524	28
1160	25
1112	28
656	25
1380	26
978	21
1556	27
1380	27
2516	27
1856	28
1772	29
1844	25
1120	28
1968	25
432	27
392	21
502	30
1744	21
1004	27
1288	25
1696	31
1578	30
2236	26
2092	24
2100	27
1804	26
908	27
316	22
2008	26
2586	25
1932	28
1932	25
1758	27
776	24
604	20
432	25
2394	23
872	24
2720	37
2478	39
2752	33
1872	34
2792	30
2556	27
1012	25
324	18
1972	22
1510	16
2388	28
2234	30
4926	45
2262	46
1668	38
434	37
730	38
548	34
764	38
414	37
866	35
440	37
1042	42
488	35
372	37
594	35
730	37
718	35
862	36
436	34
744	44
5370	46
5370	46
5836	45
5836	45
5618	45
5618	45
6166	46
6166	46
4244	46
4244	46
4714	47
4714	47
4348	43
4348	43
426	19
560	25
654	28
526	29
594	24
524	23
434	23
612	25
498	26
400	25
764	23
1216	25
462	25
602	27
606	30
950	29
1520	29
1896	32
3820	32
396	20
1138	28
1296	28
2124	29
2156	30
1684	32
806	28
3632	31
3176	35
2336	33
688	19
1298	26
904	20
916	22
1332	23
826	27
1358	32
354	23
3208	30
564	28
1220	31
814	20
3644	31
790	28
294	25
4558	36
2608	35
816	28
366	23
3370	33
4784	34
1946	35
1140	30
670	29
2098	40
768	31
1282	32
1438	44
592	28
1094	33
2566	43
614	40
1106	30
656	23
786	44
732	26
1170	29
1234	43
1152	29
926	30
2750	46
844	31
1182	36
756	41
1426	44
2142	44
2308	43
700	42
1018	42
1628	46
776	44
942	38
910	44
1188	41
1848	44
2234	45
1256	43
1666	39
3218	46
1370	40
3206	43
490	42
1082	35
944	36
290	25
526	35
526	27
1830	42
938	29
1736	42
484	22
714	40
548	26
458	42
458	21
1364	42
932	35
456	31
3288	40
2078	42
1722	42
640	40
832	38
756	46
794	39
716	38
502	40
928	40
1740	29
398	36
342	23
1072	45
2248	43
752	27
1460	45
1122	32
480	25
612	26
1624	34
762	29
3000	39
672	24
950	30
914	24
576	41
654	23
774	32
756	27
534	33
600	34
1164	37
1238	39
482	43
1330	37
480	43
382	36
236	26
508	27
532	35
370	34
1090	37
494	42
1014	35
504	36
1296	37
502	40
450	30
88	16
1220	40
2304	42
1530	39
2432	42
684	32
3580	39
338	31
3580	39
338	31
728	33
1408	28
1190	30
1052	26
1426	30
3088	38
1636	38
1244	29
1878	32
1956	33
3476	50
800	46
418	23
418	22
456	21
406	25
330	20
908	24
2796	48
5770	30
10748	34
13226	38
4294	38
3602	42
2848	42
2588	51
1340	40
918	25
1706	26
826	31
904	22
970	51
1268	25
504	23
494	23
656	22
990	23
644	27
954	24
692	25
1696	32
850	24
1514	27
562	27
1664	26
2440	21
2870	29
730	27
1272	25
2844	33
2772	29
3676	33
510	25
2620	30
6376	39
896	26
3402	30
3268	31
926	26
2664	28
836	20
2604	26
1928	30
238	17
80	25
294	32
900	37
452	26
526	31
1128	36
1708	31
170	16
658	35
154	17
112	16
788	37
188	18
566	33
532	33
150	14
78	16
2604	26
1928	30
238	17
116	14
1052	24
1130	27
246	15
80	25
294	32
900	37
452	26
526	31
4594	29
96	15
970	23
108	13
750	21
986	22
310	17
3308	29
136	14
2406	22
98	14
82	16
810	24
770	23
90	12
1098	24
2780	31
1398	21
144	14
7996	31
7920	32
10366	30
11068	31
9570	31
12588	42
6288	47
1072	32
1158	21
1408	36
2872	37
788	33
1932	34
2348	31
890	26
1348	30
1776	31
1296	29
1626	51
1390	41
512	36
2220	47
1210	40
4350	48
1102	36
672	22
756	26
586	29
2106	36
6830	31
4940	29
4058	32
4148	25
4378	32
5666	24
5046	43
1076	32
3328	42
17084	50
14714	50
14714	50
1070	35
1282	37
1340	38
1138	36
1056	33
914	39
1350	38
1060	42
1344	38
1112	37
1102	43
1022	31
1088	42
1652	39
958	41
1026	36
966	42
864	28
790	25
1994	31
1706	26
938	24
2498	30
1230	28
1846	24
1466	30
1376	25
702	33
1420	37
830	30
818	27
576	25
562	24
1206	26
882	22
880	22
1232	29
1148	49
1130	48
1442	26
2192	29
506	23
888	30
496	23
888	29
656	22
1444	28
990	23
954	29
646	27
1402	29
978	25
1292	31
800	27
1864	32
1736	32
1148	36
694	26
1182	31
5582	49
642	33
778	31
812	38
614	27
1116	39
568	29
1052	42
7436	51
1246	32
1432	41
1198	41
1172	37
1252	36
1136	39
2614	47
2638	47
2638	47
2638	47
334	29
376	31
374	35
510	37
1020	36
868	32
868	30
1092	30
1216	34
854	28
1522	32
1010	31
1812	45
1274	32
532	31
1088	31
950	25
932	28
1236	26
2336	31
974	27
614	22
904	34
650	32
232	18
354	15
414	18
1008	23
710	23
574	23
588	21
426	18
566	25
568	21
894	23
510	22
808	21
644	18
240	13
256	19
152	13
152	13
536	20
132	14
158	15
406	21
552	20
226	16
450	18
552	18
7180	48
6518	31
1050	32
1010	35
1058	34
1066	35
1042	32
824	32
1206	38
986	27
894	38
1012	33
1576	29
1744	33
1480	35
488	29
622	26
512	29
1304	31
1036	33
1334	41
1152	32
1350	34
1248	30
948	29
910	31
1846	38
1606	32
954	27
1330	36
1358	34
884	36
796	35
694	31
946	30
844	32
1354	37
702	21
310	25
4362	34
2696	35
2746	50
1932	48
2868	52
388	28
860	28
822	27
1190	27
1350	31
1376	29
1820	33
748	34
1520	33
2566	29
196	13
1954	28
482	19
668	20
198	20
824	23
840	25
1062	21
2700	29
196	18
320	18
948	19
868	22
248	20
372	22
3176	28
380	25
1104	19
404	18
614	24
1754	27
976	24
318	19
1184	20
524	22
1312	35
1698	31
2840	34
1788	28
3276	32
4698	30
1988	28
3432	35
4786	35
112	14
3726	33
4538	32
4374	37
2130	34
826	27
1358	32
354	23
3208	30
4002	32
5152	31
6158	33
6240	33
5660	35
7738	34
2734	32
5708	34
1720	33
12488	33
5998	32
13458	35
6620	36
6540	33
15954	31
2242	41
3200	45
3922	45
3918	45
3184	46
2728	44
2928	47
4344	44
3954	48
2148	43
1280	36
3558	46
1480	44
3034	44
3196	47
2308	44
2466	41
4218	46
2550	46
2784	40
2334	47
3168	44
4310	46
2674	45
2140	45
2410	42
5692	47
780	27
346	22
774	29
694	24
454	22
1116	28
442	25
474	24
344	21
950	27
432	19
1032	26
596	23
310	22
396	24
850	30
496	23
1004	31
540	23
548	21
608	22
700	26
952	30
436	24
2536	44
3262	47
3540	44
2874	44
3336	45
6666	48
4620	47
3206	43
2018	29
1280	28
1176	33
1112	29
934	26
1660	30
738	25
472	24
782	27
1012	31
1308	27
1632	33
1528	31
608	27
706	25
882	30
1672	35
1748	32
888	28
1560	29
1856	34
1364	28
1282	32
644	26
2954	31
1906	32
1902	35
2160	27
1686	28
2456	30
1204	27
2334	31
3508	33
1124	29
1118	29
2036	33
3636	39
1854	30
1422	28
1506	33
1538	25
1048	28
2044	30
1862	29
1528	27
1038	28
1724	33
1200	27
4552	46
4750	45
3928	46
5470	48
5098	46
