30
31
30
39
37
36
31
38
38
23
30
22
48
26
28
28
30
58
24
23
14
16
17
17
21
13
17
20
16
15
18
16
14
12
15
12
14
17
13
17
13
14
14
13
16
17
15
13
9
13
11
14
16
16
17
21
15
18
19
15
16
13
16
47
31
38
35
35
13
17
16
12
13
13
11
13
13
14
30
26
49
15
22
22
17
19
24
20
17
14
14
10
21
13
16
14
15
15
12
14
25
20
26
13
23
18
24
18
13
11
15
16
16
18
16
13
15
17
12
11
19
21
12
17
13
18
27
23
25
18
21
25
22
19
23
22
19
20
25
22
19
29
28
28
15
23
23
23
17
22
11
18
32
25
26
28
36
35
34
31
35
27
36
32
33
34
20
31
36
28
31
30
32
34
21
26
31
26
34
31
32
28
22
24
33
21
31
24
34
34
32
31
31
23
20
30
27
27
31
30
27
27
31
32
35
25
18
19
28
28
19
24
26
20
31
30
21
26
25
23
21
20
23
21
29
27
24
27
25
20
33
25
26
33
26
21
16
17
13
30
33
39
27
35
41
39
39
39
35
34
31
40
36
36
39
36
31
35
30
27
33
15
21
19
37
38
32
37
33
41
35
32
35
30
50
36
36
31
16
37
37
34
30
31
31
32
34
34
29
54
37
34
19
21
15
38
21
34
13
24
30
23
30
35
31
44
35
41
36
25
30
38
30
31
36
30
25
17
13
21
36
31
30
30
28
34
31
33
35
31
34
29
34
38
32
30
33
44
38
45
41
38
21
22
18
46
41
31
39
31
45
43
43
21
20
21
20
15
24
27
22
25
25
21
47
43
42
40
35
38
24
44
47
51
40
53
41
34
40
38
41
39
37
39
36
21
16
17
15
12
14
19
19
20
21
14
17
20
23
18
19
25
28
23
26
25
16
31
20
27
26
23
31
31
21
15
17
19
21
29
27
11
20
20
26
14
15
19
18
20
20
12
29
30
29
24
29
25
23
30
17
19
28
23
22
22
19
23
16
17
16
24
17
27
25
32
21
25
26
29
27
17
15
21
25
26
18
19
26
22
30
15
18
35
40
37
36
36
36
27
19
25
26
23
35
35
28
21
24
23
22
34
30
23
26
25
26
40
40
41
42
27
27
23
41
35
38
37
17
21
28
27
23
38
39
39
35
34
29
35
43
36
34
23
35
41
37
33
34
32
37
39
26
35
45
42
30
28
37
33
28
31
30
43
41
23
25
28
23
26
26
24
29
28
27
25
19
28
27
24
31
25
26
28
34
25
20
30
33
31
29
30
33
30
29
32
33
29
24
33
32
30
31
29
32
30
27
33
32
27
26
32
31
32
28
31
34
29
22
34
32
31
29
32
33
30
31
31
34
26
25
34
35
31
27
31
31
31
24
33
34
30
25
32
32
29
30
32
32
30
27
33
49
46
32
