53
56
32
13
17
15
35
27
24
12
8
28
34
30
31
32
30
38
27
39
34
43
36
35
46
30
38
36
36
35
37
39
41
33
37
36
41
42
45
45
43
37
47
31
43
45
32
41
39
38
49
36
49
50
53
37
55
47
38
36
39
29
30
26
13
11
15
23
18
13
19
20
18
32
14
31
20
13
21
31
23
26
20
16
19
18
18
18
21
24
17
17
15
19
14
17
19
11
13
14
14
16
14
12
11
19
17
12
15
10
17
16
15
20
15
15
22
13
23
17
21
17
12
15
10
13
18
17
16
31
29
31
29
30
46
27
22
17
20
20
33
25
29
32
20
34
37
28
29
36
28
29
35
29
35
33
28
33
36
28
32
35
33
36
36
33
35
35
29
35
36
34
36
35
36
37
41
33
37
72
39
60
38
60
41
46
33
40
37
29
37
49
34
42
42
33
40
42
33
43
32
27
34
35
31
36
28
31
32
35
33
36
36
57
54
61
16
17
38
38
52
44
37
33
34
49
43
36
39
34
32
27
39
29
26
25
25
37
30
27
31
44
40
30
49
42
43
55
58
51
39
34
41
45
47
31
50
48
44
41
56
39
54
40
51
48
55
41
57
59
54
59
33
44
29
43
23
43
23
33
38
50
44
52
41
47
44
51
45
38
36
36
47
57
35
29
25
31
36
39
38
34
31
27
25
25
30
27
35
32
23
25
32
19
38
28
28
22
22
16
16
30
30
27
21
25
15
27
40
34
36
38
35
23
43
34
51
33
35
39
34
29
33
41
32
50
11
14
16
15
13
14
12
19
15
24
14
15
17
16
17
14
35
16
15
13
19
16
17
18
20
18
12
28
17
18
20
16
15
19
28
24
28
28
19
22
17
11
16
16
25
17
15
16
16
12
10
16
13
10
11
25
26
27
32
31
35
26
26
21
24
32
31
35
32
31
31
29
28
24
24
25
28
32
29
35
32
28
24
25
29
34
26
26
32
28
25
23
28
26
23
26
28
34
26
24
32
26
24
16
30
38
33
29
32
30
26
19
26
27
26
22
27
38
33
29
32
28
24
23
26
31
19
30
30
31
19
28
28
27
19
23
26
29
18
30
28
27
18
24
30
33
29
34
33
30
25
29
41
27
24
27
28
33
29
34
33
27
23
26
29
34
28
33
34
31
27
26
31
28
24
26
27
34
28
33
34
28
25
27
29
35
32
26
18
30
32
28
17
32
35
33
28
33
32
28
31
32
29
24
32
33
32
24
33
34
34
26
35
29
21
36
34
38
37
40
34
40
38
33
33
40
39
38
42
37
36
29
19
19
20
30
29
27
30
25
32
23
31
35
27
33
33
38
33
34
35
33
33
39
32
36
39
31
32
37
38
35
37
38
27
31
42
39
33
31
38
37
33
36
26
27
35
36
37
25
36
39
39
34
40
43
11
30
38
37
28
36
30
34
35
33
35
22
22
27
26
23
24
25
28
23
28
25
21
26
37
31
25
