58
28
39
38
49
59
55
23
27
37
56
36
31
24
49
23
35
21
25
30
30
33
13
20
38
16
36
20
13
31
28
36
9
18
25
12
20
12
9
17
24
13
14
21
12
10
18
8
10
21
22
11
7
9
20
56
15
6
12
12
10
49
50
45
48
52
34
66
65
65
28
28
25
31
42
10
56
29
20
56
18
45
50
41
27
18
30
11
16
10
38
38
31
28
35
47
34
33
33
35
52
41
31
43
43
45
37
48
23
19
17
25
27
29
28
18
18
18
20
18
10
15
17
14
19
14
12
12
14
13
14
16
17
14
13
18
17
17
17
16
18
26
18
25
35
25
12
16
24
16
22
18
20
25
13
6
15
6
9
9
14
10
7
18
10
22
20
7
5
39
31
28
35
22
11
24
24
14
20
14
16
33
21
37
39
39
39
37
39
36
35
38
51
34
42
47
56
67
48
50
68
60
66
67
67
37
36
61
61
45
44
66
55
73
72
66
66
41
34
44
37
35
44
53
41
39
48
61
54
57
42
27
42
44
34
39
45
37
29
42
38
32
31
39
36
34
36
43
60
44
38
28
41
45
40
45
53
46
46
50
49
23
50
37
34
51
46
41
52
36
61
39
23
33
45
48
46
42
46
18
23
29
23
21
16
51
31
29
31
30
31
34
34
39
34
37
31
41
38
33
38
42
42
38
40
42
34
35
29
24
39
32
33
18
37
28
41
40
40
37
31
32
43
38
39
33
36
37
35
29
35
38
30
35
36
37
37
32
40
40
34
33
37
38
22
31
38
37
35
31
39
42
40
38
39
38
42
30
40
39
37
33
42
34
38
38
33
52
29
43
30
46
28
12
36
45
48
36
47
13
16
13
9
20
12
13
14
24
68
66
13
36
46
53
52
49
47
47
50
49
45
49
47
41
46
46
48
50
54
57
37
32
52
50
57
48
42
51
48
53
68
60
55
61
32
17
27
27
33
24
37
35
31
39
32
31
22
34
25
33
52
46
45
47
47
44
43
46
42
42
41
40
34
33
37
43
41
51
49
48
42
50
48
39
40
21
35
31
13
35
28
30
30
37
35
26
33
35
35
31
31
29
29
32
32
34
34
34
30
30
30
37
37
32
36
30
30
30
30
30
30
36
26
25
34
34
31
31
30
25
34
31
38
66
59
33
54
40
28
54
29
32
63
38
37
37
62
40
23
23
45
31
28
28
49
28
35
35
61
43
37
45
35
39
32
42
38
61
39
47
47
25
23
18
23
60
42
52
41
65
49
49
37
53
41
16
34
41
24
35
39
53
36
41
46
52
41
44
49
37
41
41
50
47
45
44
44
45
52
46
43
55
52
18
23
29
23
21
16
21
12
53
