0.14057507987220447	0.09664694280078895	0.10044977511244378	0.15904139433551198	0.23893805309734514	0.16062176165803108	0.0759493670886076	0.07479224376731301	0.136986301369863	0.14537444933920704	0.10542168674698796	0.09965635738831616	0.12947658402203857	0.09900990099009901	0.17678100263852242	0.11031175059952038	0.0957983193277311	0.10451612903225807	0.15892420537897312	0.06751592356687898	0.04480722473080931	0.12072072072072072	0.10887772194304858	0.13043478260869565
0.14102564102564102	0.1274131274131274	0.07917888563049853	0.10647181628392484	0.19658119658119658	0.12661498708010335	0.06696428571428571	0.11756569847856155	0.17142857142857143	0.1095890410958904	0.08895705521472393	0.11619718309859155	0.085995085995086	0.14215686274509803	0.11616161616161616	0.08805790108564536	0.11492281303602059	0.08733087330873308	0.1234866828087167	0.1475826972010178	0.06263194933145672	0.09123434704830054	0.0970873786407767	0.13002364066193853
0.1168	0.13545816733067728	0.10638297872340426	0.13043478260869565	0.2711864406779661	0.07728337236533958	0.05416666666666667	0.1111111111111111	0.15932203389830507	0.14027149321266968	0.10364963503649635	0.1065989847715736	0.10077519379844961	0.12702078521939955	0.125	0.09950248756218906	0.08823529411764706	0.10466582597730138	0.1360381861575179	0.06382978723404255	0.04745042492917847	0.1307300509337861	0.12727272727272726	0.12289156626506025
0.11336717428087986	0.1377245508982036	0.10487444608567208	0.14967462039045554	0.32075471698113206	0.08728179551122195	0.08932461873638345	0.06666666666666667	0.18620689655172415	0.1310344827586207	0.08504398826979472	0.12286689419795221	0.1371571072319202	0.14420803782505912	0.16535433070866143	0.10952380952380952	0.09598603839441536	0.09923664122137404	0.1	0.06734434561626429	0.0506108202443281	0.14130434782608695	0.09830508474576272	0.1740139211136891
0.07472178060413355	0.10775047258979206	0.12336719883889695	0.1146067415730337	0.2542372881355932	0.08247422680412371	0.15352697095435686	0.1449067431850789	0.23905723905723905	0.1111111111111111	0.08489208633093526	0.1296928327645051	0.17766497461928935	0.11627906976744186	0.10817941952506596	0.118562874251497	0.08485856905158069	0.058240396530359353	0.09785202863961814	0.11446540880503145	0.053445850914205346	0.13628318584070798	0.12337662337662338	0.12857142857142856
0.08333333333333333	0.112	0.11044776119402985	0.1652542372881356	0.14285714285714285	0.13106796116504854	0.12114989733059549	0.14049586776859505	0.16551724137931034	0.14224137931034483	0.12058823529411765	0.09401709401709402	0.1297709923664122	0.11162790697674418	0.14210526315789473	0.08550185873605948	0.05227655986509275	0.09020618556701031	0.10849056603773585	0.09275730622617535	0.04938704028021016	0.16363636363636364	0.12286689419795221	0.1295843520782396
0.087893864013267	0.09411764705882353	0.12574850299401197	0.11252653927813164	0.3277310924369748	0.1457286432160804	0.11062906724511931	0.09243697478991597	0.09764309764309764	0.11981566820276497	0.12422360248447205	0.10264900662251655	0.13350125944584382	0.13366336633663367	0.13910761154855644	0.08869987849331713	0.16476345840130505	0.06565656565656566	0.15151515151515152	0.08312342569269521	0.04805331462644686	0.11188811188811189	0.1180327868852459	0.07764705882352942
0.1095890410958904	0.11775700934579439	0.165402124430956	0.10359408033826638	0.168	0.15577889447236182	0.10816777041942605	0.08707865168539326	0.21035598705501618	0.10434782608695652	0.12130177514792899	0.10689655172413794	0.07960199004975124	0.1724137931034483	0.14511873350923482	0.07099879663056559	0.11260504201680673	0.059569074778200254	0.13861386138613863	0.10533159947984395	0.05038488453463961	0.10211267605633803	0.07496012759170653	0.08466819221967964
0.11935483870967742	0.12598425196850394	0.10222222222222223	0.09401709401709402	0.2857142857142857	0.12437810945273632	0.12258064516129032	0.10764872521246459	0.14878892733564014	0.136986301369863	0.07582260371959942	0.1092436974789916	0.16336633663366337	0.09345794392523364	0.16363636363636364	0.0580964153275649	0.06312292358803986	0.12280701754385964	0.1267605633802817	0.1116951379763469	0.055944055944055944	0.12686567164179105	0.1419031719532554	0.1141552511415525
0.0926517571884984	0.1991869918699187	0.11764705882352941	0.10087719298245613	0.3220338983050847	0.16010498687664043	0.13100436681222707	0.14366998577524892	0.14285714285714285	0.13769751693002258	0.12316715542521994	0.12937062937062938	0.11594202898550725	0.14864864864864866	0.18181818181818182	0.0821256038647343	0.11418685121107267	0.11825192802056556	0.12649164677804295	0.12737127371273713	0.06110914871070293	0.14076782449725778	0.06168831168831169	0.1506849315068493
0.10033444816053512	0.11195445920303605	0.08728943338437979	0.15498938428874734	0.27927927927927926	0.18969555035128804	0.12527472527472527	0.09392265193370165	0.16610169491525423	0.12582781456953643	0.1407185628742515	0.12237762237762238	0.1188118811881188	0.15384615384615385	0.11055276381909548	0.09822485207100591	0.13253012048192772	0.0773067331670823	0.14489311163895488	0.15046604527296936	0.03064459316660796	0.1051693404634581	0.15488215488215487	0.15402298850574714
0.13028764805414553	0.12	0.09941520467836257	0.09090909090909091	0.2	0.09397590361445783	0.13304721030042918	0.08819538670284939	0.1888111888111888	0.13439635535307518	0.09821428571428571	0.14731369150779897	0.15577889447236182	0.0995260663507109	0.16442048517520216	0.08445532435740515	0.13	0.11280101394169835	0.12871287128712872	0.13720316622691292	0.036420395421436005	0.10689655172413794	0.10819672131147541	0.14558472553699284
0.15171288743882544	0.15810276679841898	0.13095238095238096	0.0970464135021097	0.1891891891891892	0.11219512195121951	0.14168377823408623	0.09523809523809523	0.12027491408934708	0.13318284424379231	0.1111111111111111	0.11447811447811448	0.13875598086124402	0.16159250585480095	0.11855670103092783	0.0673076923076923	0.10806174957118353	0.07455012853470437	0.12098765432098765	0.05291005291005291	0.043782837127845885	0.14084507042253522	0.1254125412541254	0.12408759124087591
0.09886547811993517	0.10056925996204934	0.102803738317757	0.07127429805615551	0.2396694214876033	0.11274509803921569	0.14285714285714285	0.11989100817438691	0.13712374581939799	0.12854030501089325	0.09064327485380116	0.174496644295302	0.13432835820895522	0.09582309582309582	0.16847826086956522	0.0989010989010989	0.08650519031141868	0.0660024906600249	0.13145539906103287	0.12516823687752354	0.05536089698668535	0.10069444444444445	0.10616438356164383	0.13253012048192772
0.06329113924050633	0.11909262759924386	0.1137370753323486	0.14285714285714285	0.29133858267716534	0.15942028985507245	0.10151187904967603	0.09739368998628258	0.1597222222222222	0.11316397228637413	0.093841642228739	0.061224489795918366	0.1691542288557214	0.13350125944584382	0.1524547803617571	0.12259615384615384	0.11486486486486487	0.10101010101010101	0.1111111111111111	0.08819875776397515	0.04892643435410067	0.11151079136690648	0.11187607573149742	0.13333333333333333
0.1648	0.1377952755905512	0.13537117903930132	0.13548387096774195	0.26495726495726496	0.16666666666666666	0.08695652173913043	0.09117221418234443	0.18115942028985507	0.11739130434782609	0.09597523219814241	0.07107438016528926	0.1770573566084788	0.13348946135831383	0.14646464646464646	0.0855106888361045	0.12299465240641712	0.07231920199501247	0.12114014251781473	0.11466666666666667	0.05071703392794683	0.07380073800738007	0.10277324632952692	0.1510791366906475
0.11326860841423948	0.15221579961464354	0.09863429438543247	0.12153518123667377	0.1746031746031746	0.12562814070351758	0.1331923890063425	0.08802308802308802	0.17770034843205576	0.183585313174946	0.12931034482758622	0.08116883116883117	0.12	0.12158808933002481	0.07960199004975124	0.09068923821039904	0.11423550087873462	0.08396946564885496	0.1163895486935867	0.08310991957104558	0.054242002781641166	0.09420289855072464	0.11717495987158909	0.1179245283018868
0.10367892976588629	0.09885931558935361	0.08797653958944282	0.12967032967032968	0.1968503937007874	0.11822660098522167	0.16288659793814433	0.06990014265335236	0.14285714285714285	0.1072961373390558	0.14200298953662183	0.11714770797962648	0.1507537688442211	0.1346153846153846	0.13486005089058525	0.0660024906600249	0.11784511784511785	0.09669211195928754	0.0995260663507109	0.05851755526657997	0.0440251572327044	0.1588447653429603	0.13356164383561644	0.11007025761124122
0.08637873754152824	0.13026819923371646	0.09037037037037036	0.16736401673640167	0.23728813559322035	0.1691542288557214	0.09166666666666666	0.0794979079497908	0.17647058823529413	0.15584415584415584	0.10778443113772455	0.14429530201342283	0.11616161616161616	0.1553398058252427	0.1774193548387097	0.07749077490774908	0.10954063604240283	0.09661229611041405	0.09397590361445783	0.08735332464146023	0.06680731364275667	0.11191335740072202	0.0959349593495935	0.17482517482517482
0.1266233766233766	0.0873015873015873	0.09867452135493372	0.09130434782608696	0.25984251968503935	0.10599078341013825	0.10087719298245613	0.11815561959654179	0.11498257839721254	0.1318181818181818	0.10355029585798817	0.10891089108910891	0.17121588089330025	0.19012345679012346	0.12129380053908356	0.09307875894988067	0.11475409836065574	0.10858585858585859	0.10091743119266056	0.09511568123393316	0.054519368723098996	0.10915492957746478	0.09302325581395349	0.1179245283018868
