45
34
44
40
52
38
52
23
25
24
34
43
36
22
35
43
37
44
37
34
24
28
33
50
39
27
46
32
34
29
26
30
29
35
31
35
48
39
37
21
39
40
48
49
51
36
35
42
48
46
67
67
35
40
48
54
31
31
39
40
55
53
55
35
27
39
36
29
28
29
26
22
25
28
33
21
31
41
28
28
24
24
17
17
29
30
26
26
30
29
46
35
34
36
41
35
46
36
42
32
36
44
35
33
39
26
26
26
30
27
31
25
32
24
31
44
32
40
39
45
45
36
8
35
39
46
24
51
48
34
23
46
43
41
46
45
37
30
39
47
34
33
53
41
36
45
34
26
54
41
42
37
45
48
39
40
41
30
34
31
41
36
37
42
35
32
29
34
57
57
49
53
50
52
47
45
28
46
61
43
34
61
59
56
53
53
43
46
55
54
53
49
51
42
37
38
46
39
36
40
35
51
33
23
21
31
36
37
27
37
40
37
31
28
35
38
39
34
40
39
38
33
42
38
22
30
38
31
29
35
37
27
24
32
35
30
35
33
38
32
36
37
33
62
48
60
51
61
42
47
34
41
18
42
42
43
42
49
47
37
41
46
54
41
31
36
37
15
42
29
