79
56
74
65
75
75
75
77
69
77
67
72
44
44
72
68
72
73
66
73
57
57
50
72
36
64
64
66
45
66
40
39
60
71
39
74
65
55
33
68
55
33
49
71
69
60
77
78
58
59
65
28
22
22
15
29
20
27
55
31
16
21
40
31
49
27
21
55
34
19
13
27
21
15
22
17
19
29
41
48
37
39
32
49
32
50
38
42
53
54
34
53
33
55
54
36
40
38
41
38
55
48
34
51
53
48
46
41
39
52
37
40
33
43
36
32
34
42
41
41
47
26
33
39
37
33
23
42
56
54
32
39
29
41
41
35
35
36
27
29
48
40
48
48
35
63
43
41
33
36
29
36
31
31
38
38
71
76
35
34
34
34
43
43
49
74
42
47
36
31
24
43
31
23
43
33
45
61
34
40
56
67
79
62
76
78
75
68
54
76
57
78
63
72
68
55
77
64
39
41
26
29
37
43
64
32
47
33
52
40
23
23
23
41
25
40
18
35
22
29
19
35
44
49
67
