31
44
30
34
32
27
16
29
30
27
30
35
37
31
32
31
40
40
23
68
52
45
29
48
24
44
26
38
26
55
25
48
33
36
36
25
52
33
19
31
23
42
24
34
37
49
32
42
38
44
48
52
42
38
64
55
32
35
25
23
31
36
50
26
21
16
29
33
20
15
29
30
42
15
20
33
41
38
15
32
31
13
16
37
28
34
23
28
23
24
45
15
27
31
53
25
45
22
18
36
29
33
18
32
42
65
48
47
46
53
46
55
54
50
42
35
44
43
57
29
48
67
41
45
73
60
69
58
51
56
54
37
44
49
73
45
63
41
78
62
56
54
37
45
30
28
24
27
27
18
14
26
28
47
20
27
23
36
33
29
24
12
29
29
37
33
33
34
49
46
46
39
38
51
45
56
39
48
27
30
35
40
48
48
41
42
58
12
19
18
15
26
18
26
16
18
14
39
17
23
16
32
21
16
36
35
15
11
36
18
35
12
52
53
53
44
46
63
51
55
47
37
59
48
46
58
52
46
52
40
59
77
55
42
47
57
58
