8298	1.4958148249227055
8299	1.3264408847627471
8300	1.4792350289115528
8301	1.4561783454264416
8302	2.169375547510989
8303	1.4464624761843727
8304	2.2890109031781294
8305	1.3010352553195221
8306	1.9415288615498196
8307	2.2637020449474217
8308	1.3160719737705868
8309	0.8597218696070967
8310	0.8987788650492631
8311	1.0490220296237744
8312	1.584637286122903
8313	1.3274750404038906
8314	0.8281335990015602
8315	5.568260235426148
8316	5.311054229672382
8317	3.146973173812556
8318	1.8222779764726895
8319	3.562963401926589
8320	3.378215195780636
8321	3.806217083218179
8322	3.529489665677255
8323	2.8197550852932465
8324	4.093971204790579
8325	4.364776422017858
8326	3.004417765782192
8327	1.107590998233877
