3080 	 28 
 bach 
 1721 
3081 	 28 
 bach 
 1721 
3082 	 28 
 bach 
 1721 
3083 	 28 
 bach 
 1721 
3084 	 28 
 bach 
 1721 
3085 	 28 
 bach 
 1721 
3086 	 28 
 bach 
 1721 
3087 	 28 
 bach 
 1721 
3088 	 28 
 bach 
 1721 
3089 	 28 
 bach 
 1721 
3090 	 28 
 bach 
 1721 
3091 	 28 
 bach 
 1721 
3092 	 28 
 bach 
 1721 
3093 	 28 
 bach 
 1721 
3094 	 28 
 bach 
 1721 
3095 	 28 
 bach 
 1721 
3096 	 28 
 bach 
 1721 
3097 	 28 
 bach 
 1721 
3098 	 28 
 bach 
 1721 
3099 	 28 
 bach 
 1721 
3100 	 28 
 bach 
 1721 
3101 	 28 
 bach 
 1721 
3102 	 28 
 bach 
 1721 
3103 	 28 
 bach 
 1721 
3104 	 28 
 bach 
 1721 
3105 	 28 
 bach 
 1721 
3106 	 28 
 bach 
 1721 
3107 	 28 
 bach 
 1721 
3108 	 28 
 bach 
 1721 
3109 	 28 
 bach 
 1721 
3110 	 28 
 bach 
 1721 
3111 	 28 
 bach 
 1721 
3112 	 28 
 bach 
 1721 
3113 	 28 
 bach 
 1721 
3114 	 28 
 bach 
 1721 
3115 	 28 
 bach 
 1721 
3116 	 28 
 bach 
 1721 
3117 	 28 
 bach 
 1721 
3118 	 28 
 bach 
 1721 
3119 	 28 
 bach 
 1721 
3120 	 28 
 bach 
 1721 
3121 	 28 
 bach 
 1721 
3122 	 28 
 bach 
 1721 
3123 	 28 
 bach 
 1721 
3124 	 28 
 bach 
 1721 
3125 	 28 
 bach 
 1721 
3126 	 28 
 bach 
 1721 
3127 	 28 
 bach 
 1721 
3128 	 28 
 bach 
 1721 
3129 	 28 
 bach 
 1721 
3130 	 28 
 bach 
 1721 
3131 	 28 
 bach 
 1721 
3132 	 28 
 bach 
 1721 
3133 	 28 
 bach 
 1721 
3134 	 28 
 bach 
 1721 
3135 	 28 
 bach 
 1721 
3136 	 28 
 bach 
 1721 
3137 	 28 
 bach 
 1721 
3138 	 28 
 bach 
 1721 
3139 	 28 
 bach 
 1721 
3140 	 28 
 bach 
 1721 
3141 	 28 
 bach 
 1721 
3142 	 28 
 bach 
 1721 
3143 	 28 
 bach 
 1721 
3144 	 28 
 bach 
 1721 
3145 	 28 
 bach 
 1721 
3146 	 28 
 bach 
 1721 
3147 	 28 
 bach 
 1721 
3148 	 28 
 bach 
 1721 
3149 	 28 
 bach 
 1721 
3150 	 28 
 bach 
 1721 
3151 	 28 
 bach 
 1721 
3152 	 28 
 bach 
 1721 
3153 	 28 
 bach 
 1721 
3154 	 28 
 bach 
 1721 
3155 	 28 
 bach 
 1721 
3156 	 28 
 bach 
 1721 
3157 	 28 
 bach 
 1721 
3158 	 28 
 bach 
 1721 
3159 	 28 
 bach 
 1721 
3160 	 28 
 bach 
 1721 
3161 	 28 
 bach 
 1721 
3162 	 28 
 bach 
 1721 
3163 	 28 
 bach 
 1721 
3164 	 28 
 bach 
 1721 
3165 	 28 
 bach 
 1721 
3166 	 28 
 bach 
 1721 
3167 	 28 
 bach 
 1721 
3168 	 28 
 bach 
 1721 
3169 	 28 
 bach 
 1721 
3170 	 28 
 bach 
 1721 
3171 	 28 
 bach 
 1721 
3172 	 28 
 bach 
 1721 
3173 	 28 
 bach 
 1721 
3174 	 28 
 bach 
 1721 
3175 	 28 
 bach 
 1721 
3176 	 28 
 bach 
 1721 
3177 	 28 
 bach 
 1721 
3178 	 28 
 bach 
 1721 
3179 	 28 
 bach 
 1721 
3180 	 28 
 bach 
 1721 
3181 	 28 
 bach 
 1721 
3182 	 28 
 bach 
 1721 
3183 	 28 
 bach 
 1721 
3184 	 28 
 bach 
 1721 
3185 	 28 
 bach 
 1721 
3186 	 28 
 bach 
 1721 
3187 	 28 
 bach 
 1721 
3188 	 28 
 bach 
 1721 
3189 	 28 
 bach 
 1721 
3190 	 28 
 bach 
 1721 
3191 	 28 
 bach 
 1721 
3192 	 28 
 bach 
 1721 
3193 	 28 
 bach 
 1721 
3194 	 28 
 bach 
 1721 
3195 	 28 
 bach 
 1721 
3196 	 28 
 bach 
 1721 
3197 	 28 
 bach 
 1721 
3198 	 28 
 bach 
 1721 
3199 	 28 
 bach 
 1721 
3200 	 28 
 bach 
 1721 
3201 	 28 
 bach 
 1721 
3202 	 28 
 bach 
 1721 
3203 	 28 
 bach 
 1721 
3204 	 28 
 bach 
 1721 
3205 	 28 
 bach 
 1721 
3206 	 28 
 bach 
 1721 
3207 	 28 
 bach 
 1721 
3208 	 28 
 bach 
 1721 
3209 	 28 
 bach 
 1721 
3210 	 28 
 bach 
 1721 
3211 	 28 
 bach 
 1721 
3212 	 28 
 bach 
 1721 
3213 	 28 
 bach 
 1721 
3214 	 28 
 bach 
 1721 
3215 	 28 
 bach 
 1721 
3216 	 28 
 bach 
 1721 
3217 	 28 
 bach 
 1721 
3218 	 28 
 bach 
 1721 
3219 	 28 
 bach 
 1721 
3220 	 28 
 bach 
 1721 
3221 	 28 
 bach 
 1721 
3222 	 28 
 bach 
 1721 
3223 	 28 
 bach 
 1721 
3224 	 28 
 bach 
 1721 
3225 	 28 
 bach 
 1721 
3226 	 28 
 bach 
 1721 
3227 	 28 
 bach 
 1721 
3228 	 28 
 bach 
 1721 
3229 	 28 
 bach 
 1721 
3230 	 28 
 bach 
 1721 
3231 	 28 
 bach 
 1721 
3232 	 28 
 bach 
 1721 
3233 	 28 
 bach 
 1721 
3234 	 28 
 bach 
 1721 
3235 	 28 
 bach 
 1721 
3236 	 28 
 bach 
 1721 
3237 	 28 
 bach 
 1721 
3238 	 28 
 bach 
 1721 
3239 	 28 
 bach 
 1721 
3240 	 28 
 bach 
 1721 
3241 	 28 
 bach 
 1721 
3242 	 28 
 bach 
 1721 
3243 	 28 
 bach 
 1721 
3244 	 28 
 bach 
 1721 
3245 	 28 
 bach 
 1721 
3246 	 28 
 bach 
 1721 
3247 	 28 
 bach 
 1721 
3248 	 28 
 bach 
 1721 
3249 	 28 
 bach 
 1721 
3250 	 28 
 bach 
 1721 
3251 	 28 
 bach 
 1721 
3252 	 28 
 bach 
 1721 
3253 	 28 
 bach 
 1721 
3254 	 28 
 bach 
 1721 
3255 	 28 
 bach 
 1721 
3256 	 28 
 bach 
 1721 
3257 	 28 
 bach 
 1721 
3258 	 28 
 bach 
 1721 
3259 	 28 
 bach 
 1721 
3260 	 28 
 bach 
 1721 
3261 	 28 
 bach 
 1721 
3262 	 28 
 bach 
 1721 
3263 	 28 
 bach 
 1721 
3264 	 28 
 bach 
 1721 
3265 	 28 
 bach 
 1721 
3266 	 28 
 bach 
 1721 
3267 	 28 
 bach 
 1721 
3268 	 28 
 bach 
 1721 
3269 	 28 
 bach 
 1721 
3270 	 28 
 bach 
 1721 
3271 	 28 
 bach 
 1721 
3272 	 28 
 bach 
 1721 
3273 	 28 
 bach 
 1721 
3274 	 28 
 bach 
 1721 
3275 	 28 
 bach 
 1721 
3276 	 28 
 bach 
 1721 
3277 	 28 
 bach 
 1721 
3278 	 28 
 bach 
 1721 
3279 	 28 
 bach 
 1721 
3280 	 28 
 bach 
 1721 
3281 	 28 
 bach 
 1721 
3282 	 28 
 bach 
 1721 
3283 	 28 
 bach 
 1721 
3284 	 28 
 bach 
 1721 
3285 	 28 
 bach 
 1721 
3286 	 28 
 bach 
 1721 
3287 	 28 
 bach 
 1721 
3288 	 28 
 bach 
 1721 
3289 	 28 
 bach 
 1721 
3290 	 28 
 bach 
 1721 
3291 	 28 
 bach 
 1721 
3292 	 28 
 bach 
 1721 
3293 	 28 
 bach 
 1721 
3294 	 28 
 bach 
 1721 
3295 	 28 
 bach 
 1721 
3296 	 28 
 bach 
 1721 
3297 	 28 
 bach 
 1721 
3298 	 28 
 bach 
 1721 
3299 	 28 
 bach 
 1721 
3300 	 28 
 bach 
 1721 
3301 	 28 
 bach 
 1721 
3302 	 28 
 bach 
 1721 
3303 	 28 
 bach 
 1721 
3304 	 28 
 bach 
 1721 
3305 	 28 
 bach 
 1721 
3306 	 28 
 bach 
 1721 
3307 	 28 
 bach 
 1721 
3308 	 28 
 bach 
 1721 
3309 	 28 
 bach 
 1721 
3310 	 28 
 bach 
 1721 
3311 	 28 
 bach 
 1721 
3312 	 28 
 bach 
 1721 
3313 	 28 
 bach 
 1721 
3314 	 28 
 bach 
 1721 
3315 	 28 
 bach 
 1721 
3316 	 28 
 bach 
 1721 
3317 	 28 
 bach 
 1721 
3318 	 28 
 bach 
 1721 
3319 	 28 
 bach 
 1721 
3320 	 28 
 bach 
 1721 
3321 	 28 
 bach 
 1721 
3322 	 28 
 bach 
 1721 
3323 	 28 
 bach 
 1721 
3324 	 28 
 bach 
 1721 
3325 	 28 
 bach 
 1721 
3326 	 28 
 bach 
 1721 
3327 	 28 
 bach 
 1721 
3328 	 28 
 bach 
 1721 
3329 	 28 
 bach 
 1721 
3330 	 28 
 bach 
 1721 
3331 	 28 
 bach 
 1721 
3332 	 28 
 bach 
 1721 
3333 	 28 
 bach 
 1721 
3334 	 28 
 bach 
 1721 
3335 	 28 
 bach 
 1721 
3336 	 28 
 bach 
 1721 
3337 	 28 
 bach 
 1721 
3338 	 28 
 bach 
 1721 
3339 	 28 
 bach 
 1721 
3340 	 28 
 bach 
 1721 
3341 	 28 
 bach 
 1721 
3342 	 28 
 bach 
 1721 
3343 	 28 
 bach 
 1721 
3344 	 28 
 bach 
 1721 
3345 	 28 
 bach 
 1721 
3346 	 28 
 bach 
 1721 
3347 	 28 
 bach 
 1721 
3348 	 28 
 bach 
 1721 
3349 	 28 
 bach 
 1721 
3350 	 28 
 bach 
 1721 
3351 	 28 
 bach 
 1721 
3352 	 28 
 bach 
 1721 
3353 	 28 
 bach 
 1721 
3354 	 28 
 bach 
 1721 
3355 	 28 
 bach 
 1721 
3356 	 28 
 bach 
 1721 
3357 	 28 
 bach 
 1721 
3358 	 28 
 bach 
 1721 
3359 	 28 
 bach 
 1721 
3360 	 28 
 bach 
 1721 
3361 	 28 
 bach 
 1721 
3362 	 28 
 bach 
 1721 
3363 	 28 
 bach 
 1721 
3364 	 28 
 bach 
 1721 
3365 	 28 
 bach 
 1721 
3366 	 28 
 bach 
 1721 
3367 	 28 
 bach 
 1721 
3368 	 28 
 bach 
 1721 
3369 	 28 
 bach 
 1721 
3370 	 28 
 bach 
 1721 
3371 	 28 
 bach 
 1721 
3372 	 28 
 bach 
 1721 
3373 	 28 
 bach 
 1721 
3374 	 28 
 bach 
 1721 
3375 	 28 
 bach 
 1721 
3376 	 28 
 bach 
 1721 
3377 	 28 
 bach 
 1721 
3378 	 28 
 bach 
 1721 
3379 	 28 
 bach 
 1721 
3380 	 28 
 bach 
 1721 
3381 	 28 
 bach 
 1721 
3382 	 28 
 bach 
 1721 
3383 	 28 
 bach 
 1721 
3384 	 28 
 bach 
 1721 
3385 	 28 
 bach 
 1721 
3386 	 28 
 bach 
 1721 
3387 	 28 
 bach 
 1721 
3388 	 28 
 bach 
 1721 
3389 	 28 
 bach 
 1721 
3390 	 28 
 bach 
 1721 
3391 	 28 
 bach 
 1721 
3392 	 28 
 bach 
 1721 
3393 	 28 
 bach 
 1721 
3394 	 28 
 bach 
 1721 
3395 	 28 
 bach 
 1721 
3396 	 28 
 bach 
 1721 
3397 	 28 
 bach 
 1721 
3398 	 28 
 bach 
 1721 
3399 	 28 
 bach 
 1721 
3400 	 28 
 bach 
 1721 
3401 	 28 
 bach 
 1721 
3402 	 28 
 bach 
 1721 
3403 	 28 
 bach 
 1721 
3404 	 28 
 bach 
 1721 
3405 	 28 
 bach 
 1721 
3406 	 28 
 bach 
 1721 
3407 	 28 
 bach 
 1721 
3408 	 28 
 bach 
 1721 
3409 	 28 
 bach 
 1721 
3410 	 28 
 bach 
 1721 
3411 	 28 
 bach 
 1721 
3412 	 28 
 bach 
 1721 
3413 	 28 
 bach 
 1721 
3414 	 28 
 bach 
 1721 
3415 	 28 
 bach 
 1721 
3416 	 28 
 bach 
 1721 
3417 	 28 
 bach 
 1721 
3418 	 28 
 bach 
 1721 
3419 	 28 
 bach 
 1721 
3420 	 28 
 bach 
 1721 
3421 	 28 
 bach 
 1721 
3422 	 28 
 bach 
 1721 
3423 	 28 
 bach 
 1721 
3424 	 28 
 bach 
 1721 
3425 	 28 
 bach 
 1721 
3426 	 28 
 bach 
 1721 
3427 	 28 
 bach 
 1721 
3428 	 28 
 bach 
 1721 
3429 	 28 
 bach 
 1721 
3430 	 28 
 bach 
 1721 
3431 	 28 
 bach 
 1721 
3432 	 28 
 bach 
 1721 
3433 	 28 
 bach 
 1721 
3434 	 28 
 bach 
 1721 
3435 	 28 
 bach 
 1721 
3436 	 28 
 bach 
 1721 
3437 	 28 
 bach 
 1721 
3438 	 28 
 bach 
 1721 
3439 	 28 
 bach 
 1721 
3440 	 28 
 bach 
 1721 
3441 	 28 
 bach 
 1721 
3442 	 28 
 bach 
 1721 
3443 	 28 
 bach 
 1721 
3444 	 28 
 bach 
 1721 
3445 	 28 
 bach 
 1721 
3446 	 28 
 bach 
 1721 
3447 	 28 
 bach 
 1721 
3448 	 28 
 bach 
 1721 
3449 	 28 
 bach 
 1721 
3450 	 28 
 bach 
 1721 
3451 	 28 
 bach 
 1721 
3452 	 28 
 bach 
 1721 
3453 	 28 
 bach 
 1721 
3454 	 28 
 bach 
 1721 
3455 	 28 
 bach 
 1721 
3456 	 28 
 bach 
 1721 
3457 	 28 
 bach 
 1721 
3458 	 28 
 bach 
 1721 
3459 	 28 
 bach 
 1721 
3460 	 28 
 bach 
 1721 
3461 	 28 
 bach 
 1721 
3462 	 28 
 bach 
 1721 
3463 	 28 
 bach 
 1721 
3464 	 28 
 bach 
 1721 
3465 	 28 
 bach 
 1721 
3466 	 28 
 bach 
 1721 
3467 	 28 
 bach 
 1721 
3468 	 28 
 bach 
 1721 
3469 	 28 
 bach 
 1721 
3470 	 28 
 bach 
 1721 
3471 	 28 
 bach 
 1721 
3472 	 28 
 bach 
 1721 
3473 	 28 
 bach 
 1721 
3474 	 28 
 bach 
 1721 
3475 	 28 
 bach 
 1721 
3476 	 28 
 bach 
 1721 
3477 	 28 
 bach 
 1721 
3478 	 28 
 bach 
 1721 
3479 	 28 
 bach 
 1721 
3480 	 28 
 bach 
 1721 
3481 	 28 
 bach 
 1721 
3482 	 28 
 bach 
 1721 
3483 	 28 
 bach 
 1721 
3484 	 28 
 bach 
 1721 
3485 	 28 
 bach 
 1721 
3486 	 28 
 bach 
 1721 
3487 	 28 
 bach 
 1721 
3488 	 28 
 bach 
 1721 
3489 	 28 
 bach 
 1721 
3490 	 28 
 bach 
 1721 
3491 	 28 
 bach 
 1721 
3492 	 28 
 bach 
 1721 
3493 	 28 
 bach 
 1721 
3494 	 28 
 bach 
 1721 
3495 	 28 
 bach 
 1721 
3496 	 28 
 bach 
 1721 
3497 	 28 
 bach 
 1721 
3498 	 28 
 bach 
 1721 
3499 	 28 
 bach 
 1721 
3500 	 28 
 bach 
 1721 
3501 	 28 
 bach 
 1721 
3502 	 28 
 bach 
 1721 
3503 	 28 
 bach 
 1721 
3504 	 28 
 bach 
 1721 
3505 	 28 
 bach 
 1721 
3506 	 28 
 bach 
 1721 
3507 	 28 
 bach 
 1721 
3508 	 28 
 bach 
 1721 
3509 	 28 
 bach 
 1721 
3510 	 28 
 bach 
 1721 
3511 	 28 
 bach 
 1721 
3512 	 28 
 bach 
 1721 
3513 	 28 
 bach 
 1721 
3514 	 28 
 bach 
 1721 
3515 	 28 
 bach 
 1721 
3516 	 28 
 bach 
 1721 
3517 	 28 
 bach 
 1721 
3518 	 28 
 bach 
 1721 
3519 	 28 
 bach 
 1721 
3520 	 28 
 bach 
 1721 
3521 	 28 
 bach 
 1721 
3522 	 28 
 bach 
 1721 
3523 	 28 
 bach 
 1721 
3524 	 28 
 bach 
 1721 
3525 	 28 
 bach 
 1721 
3526 	 28 
 bach 
 1721 
3527 	 28 
 bach 
 1721 
3528 	 28 
 bach 
 1721 
3529 	 28 
 bach 
 1721 
3530 	 28 
 bach 
 1721 
3531 	 28 
 bach 
 1721 
3532 	 28 
 bach 
 1721 
3533 	 28 
 bach 
 1721 
3534 	 28 
 bach 
 1721 
3535 	 28 
 bach 
 1721 
3536 	 28 
 bach 
 1721 
3537 	 28 
 bach 
 1721 
3538 	 28 
 bach 
 1721 
3539 	 28 
 bach 
 1721 
3540 	 28 
 bach 
 1721 
3541 	 28 
 bach 
 1721 
3542 	 28 
 bach 
 1721 
3543 	 28 
 bach 
 1721 
3544 	 28 
 bach 
 1721 
3545 	 28 
 bach 
 1721 
3546 	 28 
 bach 
 1721 
3547 	 28 
 bach 
 1721 
3548 	 28 
 bach 
 1721 
3549 	 28 
 bach 
 1721 
3550 	 28 
 bach 
 1721 
3551 	 28 
 bach 
 1721 
3552 	 28 
 bach 
 1721 
3553 	 28 
 bach 
 1721 
3554 	 28 
 bach 
 1721 
3555 	 28 
 bach 
 1721 
3556 	 28 
 bach 
 1721 
3557 	 28 
 bach 
 1721 
3558 	 28 
 bach 
 1721 
3559 	 28 
 bach 
 1721 
3560 	 28 
 bach 
 1721 
3561 	 28 
 bach 
 1721 
3562 	 28 
 bach 
 1721 
3563 	 28 
 bach 
 1721 
3564 	 28 
 bach 
 1721 
3565 	 28 
 bach 
 1721 
3566 	 28 
 bach 
 1721 
3567 	 28 
 bach 
 1721 
3568 	 28 
 bach 
 1721 
3569 	 28 
 bach 
 1721 
3570 	 28 
 bach 
 1721 
3571 	 28 
 bach 
 1721 
3572 	 28 
 bach 
 1721 
3573 	 28 
 bach 
 1721 
3574 	 28 
 bach 
 1721 
3575 	 28 
 bach 
 1721 
3576 	 28 
 bach 
 1721 
3577 	 28 
 bach 
 1721 
3578 	 28 
 bach 
 1721 
3579 	 28 
 bach 
 1721 
3580 	 28 
 bach 
 1721 
3581 	 28 
 bach 
 1721 
3582 	 28 
 bach 
 1721 
3583 	 28 
 bach 
 1721 
3584 	 28 
 bach 
 1721 
3585 	 28 
 bach 
 1721 
3586 	 28 
 bach 
 1721 
3587 	 28 
 bach 
 1721 
3588 	 28 
 bach 
 1721 
3589 	 28 
 bach 
 1721 
3590 	 28 
 bach 
 1721 
3591 	 28 
 bach 
 1721 
3592 	 28 
 bach 
 1721 
3593 	 28 
 bach 
 1721 
3594 	 28 
 bach 
 1721 
3595 	 28 
 bach 
 1721 
3596 	 28 
 bach 
 1721 
3597 	 28 
 bach 
 1721 
3598 	 28 
 bach 
 1721 
3599 	 28 
 bach 
 1721 
3600 	 28 
 bach 
 1721 
3601 	 28 
 bach 
 1721 
3602 	 28 
 bach 
 1721 
3603 	 28 
 bach 
 1721 
3604 	 28 
 bach 
 1721 
3605 	 28 
 bach 
 1721 
3606 	 28 
 bach 
 1721 
3607 	 28 
 bach 
 1721 
3608 	 28 
 bach 
 1721 
3609 	 28 
 bach 
 1721 
3610 	 28 
 bach 
 1721 
3611 	 28 
 bach 
 1721 
3612 	 28 
 bach 
 1721 
3613 	 28 
 bach 
 1721 
3614 	 28 
 bach 
 1721 
3615 	 28 
 bach 
 1721 
3616 	 28 
 bach 
 1721 
3617 	 28 
 bach 
 1721 
3618 	 28 
 bach 
 1721 
3619 	 28 
 bach 
 1721 
3620 	 28 
 bach 
 1721 
3621 	 28 
 bach 
 1721 
3622 	 28 
 bach 
 1721 
3623 	 28 
 bach 
 1721 
3624 	 28 
 bach 
 1721 
3625 	 28 
 bach 
 1721 
3626 	 28 
 bach 
 1721 
3627 	 28 
 bach 
 1721 
3628 	 28 
 bach 
 1721 
3629 	 28 
 bach 
 1721 
3630 	 28 
 bach 
 1721 
3631 	 28 
 bach 
 1721 
3632 	 28 
 bach 
 1721 
3633 	 28 
 bach 
 1721 
3634 	 28 
 bach 
 1721 
3635 	 28 
 bach 
 1721 
3636 	 28 
 bach 
 1721 
3637 	 28 
 bach 
 1721 
3638 	 28 
 bach 
 1721 
3639 	 28 
 bach 
 1721 
3640 	 28 
 bach 
 1721 
3641 	 28 
 bach 
 1721 
3642 	 28 
 bach 
 1721 
3643 	 28 
 bach 
 1721 
3644 	 28 
 bach 
 1721 
3645 	 28 
 bach 
 1721 
3646 	 28 
 bach 
 1721 
3647 	 28 
 bach 
 1721 
3648 	 28 
 bach 
 1721 
3649 	 28 
 bach 
 1721 
3650 	 28 
 bach 
 1721 
3651 	 28 
 bach 
 1721 
3652 	 28 
 bach 
 1721 
3653 	 28 
 bach 
 1721 
3654 	 28 
 bach 
 1721 
3655 	 28 
 bach 
 1721 
3656 	 28 
 bach 
 1721 
3657 	 28 
 bach 
 1721 
3658 	 28 
 bach 
 1721 
3659 	 28 
 bach 
 1721 
3660 	 28 
 bach 
 1721 
3661 	 28 
 bach 
 1721 
3662 	 28 
 bach 
 1721 
3663 	 28 
 bach 
 1721 
3664 	 28 
 bach 
 1721 
3665 	 28 
 bach 
 1721 
3666 	 28 
 bach 
 1721 
3667 	 28 
 bach 
 1721 
3668 	 28 
 bach 
 1721 
3669 	 28 
 bach 
 1721 
3670 	 28 
 bach 
 1721 
3671 	 28 
 bach 
 1721 
3672 	 28 
 bach 
 1721 
3673 	 28 
 bach 
 1721 
3674 	 28 
 bach 
 1721 
3675 	 28 
 bach 
 1721 
3676 	 28 
 bach 
 1721 
3677 	 28 
 bach 
 1721 
3678 	 28 
 bach 
 1721 
3679 	 28 
 bach 
 1721 
3680 	 28 
 bach 
 1721 
3681 	 28 
 bach 
 1721 
3682 	 28 
 bach 
 1721 
3683 	 28 
 bach 
 1721 
3684 	 28 
 bach 
 1721 
3685 	 28 
 bach 
 1721 
3686 	 28 
 bach 
 1721 
3687 	 28 
 bach 
 1721 
3688 	 28 
 bach 
 1721 
3689 	 28 
 bach 
 1721 
3690 	 28 
 bach 
 1721 
3691 	 28 
 bach 
 1721 
3692 	 28 
 bach 
 1721 
3693 	 28 
 bach 
 1721 
3694 	 28 
 bach 
 1721 
3695 	 28 
 bach 
 1721 
3696 	 28 
 bach 
 1721 
3697 	 28 
 bach 
 1721 
3698 	 28 
 bach 
 1721 
3699 	 28 
 bach 
 1721 
3700 	 28 
 bach 
 1721 
3701 	 28 
 bach 
 1721 
3702 	 28 
 bach 
 1721 
3703 	 28 
 bach 
 1721 
3704 	 28 
 bach 
 1721 
3705 	 28 
 bach 
 1721 
3706 	 28 
 bach 
 1721 
3707 	 28 
 bach 
 1721 
3708 	 28 
 bach 
 1721 
3709 	 28 
 bach 
 1721 
3710 	 28 
 bach 
 1721 
3711 	 28 
 bach 
 1721 
3712 	 28 
 bach 
 1721 
3713 	 28 
 bach 
 1721 
3714 	 28 
 bach 
 1721 
3715 	 28 
 bach 
 1721 
3716 	 28 
 bach 
 1721 
3717 	 28 
 bach 
 1721 
3718 	 28 
 bach 
 1721 
3719 	 28 
 bach 
 1721 
3720 	 28 
 bach 
 1721 
3721 	 28 
 bach 
 1721 
3722 	 28 
 bach 
 1721 
3723 	 28 
 bach 
 1721 
3724 	 28 
 bach 
 1721 
3725 	 28 
 bach 
 1721 
3726 	 28 
 bach 
 1721 
3727 	 28 
 bach 
 1721 
3728 	 28 
 bach 
 1721 
3729 	 28 
 bach 
 1721 
3730 	 28 
 bach 
 1721 
3731 	 28 
 bach 
 1721 
3732 	 28 
 bach 
 1721 
3733 	 28 
 bach 
 1721 
3734 	 28 
 bach 
 1721 
3735 	 28 
 bach 
 1721 
3736 	 28 
 bach 
 1721 
3737 	 28 
 bach 
 1721 
3738 	 28 
 bach 
 1721 
3739 	 28 
 bach 
 1721 
3740 	 28 
 bach 
 1721 
3741 	 28 
 bach 
 1721 
3742 	 28 
 bach 
 1721 
3743 	 28 
 bach 
 1721 
3744 	 28 
 bach 
 1721 
3745 	 28 
 bach 
 1721 
3746 	 28 
 bach 
 1721 
3747 	 28 
 bach 
 1721 
3748 	 28 
 bach 
 1721 
3749 	 28 
 bach 
 1721 
3750 	 28 
 bach 
 1721 
3751 	 28 
 bach 
 1721 
3752 	 28 
 bach 
 1721 
3753 	 28 
 bach 
 1721 
3754 	 28 
 bach 
 1721 
3755 	 28 
 bach 
 1721 
3756 	 28 
 bach 
 1721 
3757 	 28 
 bach 
 1721 
3758 	 28 
 bach 
 1721 
3759 	 28 
 bach 
 1721 
3760 	 28 
 bach 
 1721 
3761 	 28 
 bach 
 1721 
3762 	 28 
 bach 
 1721 
3763 	 28 
 bach 
 1721 
3764 	 28 
 bach 
 1721 
3765 	 28 
 bach 
 1721 
3766 	 28 
 bach 
 1721 
3767 	 28 
 bach 
 1721 
3768 	 28 
 bach 
 1721 
3769 	 28 
 bach 
 1721 
3770 	 28 
 bach 
 1721 
3771 	 28 
 bach 
 1721 
3772 	 28 
 bach 
 1721 
3773 	 28 
 bach 
 1721 
3774 	 28 
 bach 
 1721 
3775 	 28 
 bach 
 1721 
3776 	 28 
 bach 
 1721 
3777 	 28 
 bach 
 1721 
3778 	 28 
 bach 
 1721 
3779 	 28 
 bach 
 1721 
3780 	 28 
 bach 
 1721 
3781 	 28 
 bach 
 1721 
3782 	 28 
 bach 
 1721 
3783 	 28 
 bach 
 1721 
3784 	 28 
 bach 
 1721 
3785 	 28 
 bach 
 1721 
3786 	 28 
 bach 
 1721 
3787 	 28 
 bach 
 1721 
3788 	 28 
 bach 
 1721 
3789 	 28 
 bach 
 1721 
3790 	 28 
 bach 
 1721 
3791 	 28 
 bach 
 1721 
3792 	 28 
 bach 
 1721 
3793 	 28 
 bach 
 1721 
3794 	 28 
 bach 
 1721 
3795 	 28 
 bach 
 1721 
3796 	 28 
 bach 
 1721 
3797 	 28 
 bach 
 1721 
3798 	 28 
 bach 
 1721 
3799 	 28 
 bach 
 1721 
3800 	 28 
 bach 
 1721 
3801 	 28 
 bach 
 1721 
3802 	 28 
 bach 
 1721 
3803 	 28 
 bach 
 1721 
3804 	 28 
 bach 
 1721 
3805 	 28 
 bach 
 1721 
3806 	 28 
 bach 
 1721 
3807 	 28 
 bach 
 1721 
3808 	 28 
 bach 
 1721 
3809 	 28 
 bach 
 1721 
3810 	 28 
 bach 
 1721 
3811 	 28 
 bach 
 1721 
3812 	 28 
 bach 
 1721 
3813 	 28 
 bach 
 1721 
3814 	 28 
 bach 
 1721 
3815 	 28 
 bach 
 1721 
3816 	 28 
 bach 
 1721 
3817 	 28 
 bach 
 1721 
3818 	 28 
 bach 
 1721 
3819 	 28 
 bach 
 1721 
3820 	 28 
 bach 
 1721 
3821 	 28 
 bach 
 1721 
3822 	 28 
 bach 
 1721 
3823 	 28 
 bach 
 1721 
3824 	 28 
 bach 
 1721 
3825 	 28 
 bach 
 1721 
3826 	 28 
 bach 
 1721 
3827 	 28 
 bach 
 1721 
3828 	 28 
 bach 
 1721 
3829 	 28 
 bach 
 1721 
3830 	 28 
 bach 
 1721 
3831 	 28 
 bach 
 1721 
3832 	 28 
 bach 
 1721 
3833 	 28 
 bach 
 1721 
3834 	 28 
 bach 
 1721 
3835 	 28 
 bach 
 1721 
3836 	 28 
 bach 
 1721 
3837 	 28 
 bach 
 1721 
3838 	 28 
 bach 
 1721 
3839 	 28 
 bach 
 1721 
3840 	 28 
 bach 
 1721 
3841 	 28 
 bach 
 1721 
3842 	 28 
 bach 
 1721 
3843 	 28 
 bach 
 1721 
3844 	 28 
 bach 
 1721 
3845 	 28 
 bach 
 1721 
3846 	 28 
 bach 
 1721 
3847 	 28 
 bach 
 1721 
3848 	 28 
 bach 
 1721 
3849 	 28 
 bach 
 1721 
3850 	 28 
 bach 
 1721 
3851 	 28 
 bach 
 1721 
3852 	 28 
 bach 
 1721 
3853 	 28 
 bach 
 1721 
3854 	 28 
 bach 
 1721 
3855 	 28 
 bach 
 1721 
3856 	 28 
 bach 
 1721 
3857 	 28 
 bach 
 1721 
3858 	 28 
 bach 
 1721 
3859 	 28 
 bach 
 1721 
3860 	 28 
 bach 
 1721 
3861 	 28 
 bach 
 1721 
3862 	 28 
 bach 
 1721 
3863 	 28 
 bach 
 1721 
3864 	 28 
 bach 
 1721 
3865 	 28 
 bach 
 1721 
3866 	 28 
 bach 
 1721 
3867 	 28 
 bach 
 1721 
3868 	 28 
 bach 
 1721 
3869 	 28 
 bach 
 1721 
3870 	 28 
 bach 
 1721 
3871 	 28 
 bach 
 1721 
3872 	 28 
 bach 
 1721 
3873 	 28 
 bach 
 1721 
3874 	 28 
 bach 
 1721 
3875 	 28 
 bach 
 1721 
3876 	 28 
 bach 
 1721 
3877 	 28 
 bach 
 1721 
3878 	 28 
 bach 
 1721 
3879 	 28 
 bach 
 1721 
3880 	 28 
 bach 
 1721 
3881 	 28 
 bach 
 1721 
3882 	 28 
 bach 
 1721 
3883 	 28 
 bach 
 1721 
3884 	 28 
 bach 
 1721 
3885 	 28 
 bach 
 1721 
3886 	 28 
 bach 
 1721 
3887 	 28 
 bach 
 1721 
3888 	 28 
 bach 
 1721 
3889 	 28 
 bach 
 1721 
3890 	 28 
 bach 
 1721 
3891 	 28 
 bach 
 1721 
3892 	 28 
 bach 
 1721 
3893 	 28 
 bach 
 1721 
3894 	 28 
 bach 
 1721 
3895 	 28 
 bach 
 1721 
3896 	 28 
 bach 
 1721 
3897 	 28 
 bach 
 1721 
3898 	 28 
 bach 
 1721 
3899 	 28 
 bach 
 1721 
3900 	 28 
 bach 
 1721 
3901 	 28 
 bach 
 1721 
3902 	 28 
 bach 
 1721 
3903 	 28 
 bach 
 1721 
3904 	 28 
 bach 
 1721 
3905 	 28 
 bach 
 1721 
3906 	 28 
 bach 
 1721 
3907 	 28 
 bach 
 1721 
3908 	 28 
 bach 
 1721 
3909 	 28 
 bach 
 1721 
3910 	 28 
 bach 
 1721 
3911 	 28 
 bach 
 1721 
3912 	 28 
 bach 
 1721 
3913 	 28 
 bach 
 1721 
3914 	 28 
 bach 
 1721 
3915 	 28 
 bach 
 1721 
3916 	 28 
 bach 
 1721 
3917 	 28 
 bach 
 1721 
3918 	 28 
 bach 
 1721 
3919 	 28 
 bach 
 1721 
3920 	 28 
 bach 
 1721 
3921 	 28 
 bach 
 1721 
3922 	 28 
 bach 
 1721 
3923 	 28 
 bach 
 1721 
3924 	 28 
 bach 
 1721 
3925 	 28 
 bach 
 1721 
3926 	 28 
 bach 
 1721 
3927 	 28 
 bach 
 1721 
3928 	 28 
 bach 
 1721 
3929 	 28 
 bach 
 1721 
3930 	 28 
 bach 
 1721 
3931 	 28 
 bach 
 1721 
3932 	 28 
 bach 
 1721 
3933 	 28 
 bach 
 1721 
3934 	 28 
 bach 
 1721 
3935 	 28 
 bach 
 1721 
3936 	 28 
 bach 
 1721 
3937 	 28 
 bach 
 1721 
3938 	 28 
 bach 
 1721 
3939 	 28 
 bach 
 1721 
3940 	 28 
 bach 
 1721 
3941 	 28 
 bach 
 1721 
3942 	 28 
 bach 
 1721 
3943 	 28 
 bach 
 1721 
3944 	 28 
 bach 
 1721 
3945 	 28 
 bach 
 1721 
3946 	 28 
 bach 
 1721 
3947 	 28 
 bach 
 1721 
3948 	 28 
 bach 
 1721 
3949 	 28 
 bach 
 1721 
3950 	 28 
 bach 
 1721 
3951 	 28 
 bach 
 1721 
3952 	 28 
 bach 
 1721 
3953 	 28 
 bach 
 1721 
3954 	 28 
 bach 
 1721 
3955 	 28 
 bach 
 1721 
3956 	 28 
 bach 
 1721 
3957 	 28 
 bach 
 1721 
3958 	 28 
 bach 
 1721 
3959 	 28 
 bach 
 1721 
3960 	 28 
 bach 
 1721 
3961 	 28 
 bach 
 1721 
3962 	 28 
 bach 
 1721 
3963 	 28 
 bach 
 1721 
3964 	 28 
 bach 
 1721 
3965 	 28 
 bach 
 1721 
3966 	 28 
 bach 
 1721 
3967 	 28 
 bach 
 1721 
3968 	 28 
 bach 
 1721 
3969 	 28 
 bach 
 1721 
3970 	 28 
 bach 
 1721 
3971 	 28 
 bach 
 1721 
3972 	 28 
 bach 
 1721 
3973 	 28 
 bach 
 1721 
3974 	 28 
 bach 
 1721 
3975 	 28 
 bach 
 1721 
3976 	 28 
 bach 
 1721 
3977 	 28 
 bach 
 1721 
3978 	 28 
 bach 
 1721 
3979 	 28 
 bach 
 1721 
3980 	 28 
 bach 
 1721 
3981 	 28 
 bach 
 1721 
3982 	 28 
 bach 
 1721 
3983 	 28 
 bach 
 1721 
3984 	 28 
 bach 
 1721 
3985 	 28 
 bach 
 1721 
3986 	 28 
 bach 
 1721 
3987 	 28 
 bach 
 1721 
3988 	 28 
 bach 
 1721 
3989 	 28 
 bach 
 1721 
3990 	 28 
 bach 
 1721 
3991 	 28 
 bach 
 1721 
3992 	 28 
 bach 
 1721 
3993 	 28 
 bach 
 1721 
3994 	 28 
 bach 
 1721 
3995 	 28 
 bach 
 1721 
3996 	 28 
 bach 
 1721 
3997 	 28 
 bach 
 1721 
3998 	 28 
 bach 
 1721 
3999 	 28 
 bach 
 1721 
4000 	 28 
 bach 
 1721 
4001 	 28 
 bach 
 1721 
4002 	 28 
 bach 
 1721 
4003 	 28 
 bach 
 1721 
4004 	 28 
 bach 
 1721 
4005 	 28 
 bach 
 1721 
4006 	 28 
 bach 
 1721 
4007 	 28 
 bach 
 1721 
4008 	 28 
 bach 
 1721 
4009 	 28 
 bach 
 1721 
4010 	 28 
 bach 
 1721 
4011 	 28 
 bach 
 1721 
4012 	 28 
 bach 
 1721 
4013 	 28 
 bach 
 1721 
4014 	 28 
 bach 
 1721 
4015 	 28 
 bach 
 1721 
4016 	 28 
 bach 
 1721 
4017 	 28 
 bach 
 1721 
4018 	 28 
 bach 
 1721 
4019 	 28 
 bach 
 1721 
4020 	 28 
 bach 
 1721 
4021 	 28 
 bach 
 1721 
4022 	 28 
 bach 
 1721 
4023 	 28 
 bach 
 1721 
4024 	 28 
 bach 
 1721 
4025 	 28 
 bach 
 1721 
4026 	 28 
 bach 
 1721 
4027 	 28 
 bach 
 1721 
4028 	 28 
 bach 
 1721 
4029 	 28 
 bach 
 1721 
4030 	 28 
 bach 
 1721 
4031 	 28 
 bach 
 1721 
4032 	 28 
 bach 
 1721 
4033 	 28 
 bach 
 1721 
4034 	 28 
 bach 
 1721 
4035 	 28 
 bach 
 1721 
4036 	 28 
 bach 
 1721 
4037 	 28 
 bach 
 1721 
4038 	 28 
 bach 
 1721 
4039 	 28 
 bach 
 1721 
4040 	 28 
 bach 
 1721 
4041 	 28 
 bach 
 1721 
4042 	 28 
 bach 
 1721 
4043 	 28 
 bach 
 1721 
4044 	 28 
 bach 
 1721 
4045 	 28 
 bach 
 1721 
4046 	 28 
 bach 
 1721 
4047 	 28 
 bach 
 1721 
4048 	 28 
 bach 
 1721 
4049 	 28 
 bach 
 1721 
4050 	 28 
 bach 
 1721 
4051 	 28 
 bach 
 1721 
4052 	 28 
 bach 
 1721 
4053 	 28 
 bach 
 1721 
4054 	 28 
 bach 
 1721 
4055 	 28 
 bach 
 1721 
4056 	 28 
 bach 
 1721 
4057 	 28 
 bach 
 1721 
4058 	 28 
 bach 
 1721 
4059 	 28 
 bach 
 1721 
4060 	 28 
 bach 
 1721 
4061 	 28 
 bach 
 1721 
4062 	 28 
 bach 
 1721 
4063 	 28 
 bach 
 1721 
4064 	 28 
 bach 
 1721 
4065 	 28 
 bach 
 1721 
4066 	 28 
 bach 
 1721 
4067 	 28 
 bach 
 1721 
4068 	 28 
 bach 
 1721 
4069 	 28 
 bach 
 1721 
4070 	 28 
 bach 
 1721 
4071 	 28 
 bach 
 1721 
4072 	 28 
 bach 
 1721 
4073 	 28 
 bach 
 1721 
4074 	 28 
 bach 
 1721 
4075 	 28 
 bach 
 1721 
4076 	 28 
 bach 
 1721 
4077 	 28 
 bach 
 1721 
4078 	 28 
 bach 
 1721 
4079 	 28 
 bach 
 1721 
4080 	 28 
 bach 
 1721 
4081 	 28 
 bach 
 1721 
4082 	 28 
 bach 
 1721 
4083 	 28 
 bach 
 1721 
4084 	 28 
 bach 
 1721 
4085 	 28 
 bach 
 1721 
4086 	 28 
 bach 
 1721 
4087 	 28 
 bach 
 1721 
4088 	 28 
 bach 
 1721 
4089 	 28 
 bach 
 1721 
4090 	 28 
 bach 
 1721 
4091 	 28 
 bach 
 1721 
4092 	 28 
 bach 
 1721 
4093 	 28 
 bach 
 1721 
4094 	 28 
 bach 
 1721 
4095 	 28 
 bach 
 1721 
4096 	 28 
 bach 
 1721 
4097 	 28 
 bach 
 1721 
4098 	 28 
 bach 
 1721 
4099 	 28 
 bach 
 1721 
4100 	 28 
 bach 
 1721 
4101 	 28 
 bach 
 1721 
4102 	 28 
 bach 
 1721 
4103 	 28 
 bach 
 1721 
4104 	 28 
 bach 
 1721 
4105 	 28 
 bach 
 1721 
4106 	 28 
 bach 
 1721 
4107 	 28 
 bach 
 1721 
4108 	 28 
 bach 
 1721 
4109 	 28 
 bach 
 1721 
4110 	 28 
 bach 
 1721 
4111 	 28 
 bach 
 1721 
4112 	 28 
 bach 
 1721 
4113 	 28 
 bach 
 1721 
4114 	 28 
 bach 
 1721 
4115 	 28 
 bach 
 1721 
4116 	 28 
 bach 
 1721 
4117 	 28 
 bach 
 1721 
4118 	 28 
 bach 
 1721 
4119 	 28 
 bach 
 1721 
4120 	 28 
 bach 
 1721 
4121 	 28 
 bach 
 1721 
4122 	 28 
 bach 
 1721 
4123 	 28 
 bach 
 1721 
4124 	 28 
 bach 
 1721 
4125 	 28 
 bach 
 1721 
4126 	 28 
 bach 
 1721 
4127 	 28 
 bach 
 1721 
4128 	 28 
 bach 
 1721 
4129 	 28 
 bach 
 1721 
4130 	 28 
 bach 
 1721 
4131 	 28 
 bach 
 1721 
4132 	 28 
 bach 
 1721 
4133 	 28 
 bach 
 1721 
4134 	 28 
 bach 
 1721 
4135 	 28 
 bach 
 1721 
4136 	 28 
 bach 
 1721 
4137 	 28 
 bach 
 1721 
4138 	 28 
 bach 
 1721 
4139 	 28 
 bach 
 1721 
4140 	 28 
 bach 
 1721 
4141 	 28 
 bach 
 1721 
4142 	 28 
 bach 
 1721 
4143 	 28 
 bach 
 1721 
4144 	 28 
 bach 
 1721 
4145 	 28 
 bach 
 1721 
4146 	 28 
 bach 
 1721 
4147 	 28 
 bach 
 1721 
4148 	 28 
 bach 
 1721 
4149 	 28 
 bach 
 1721 
4150 	 28 
 bach 
 1721 
4151 	 28 
 bach 
 1721 
4152 	 28 
 bach 
 1721 
4153 	 28 
 bach 
 1721 
4154 	 28 
 bach 
 1721 
4155 	 28 
 bach 
 1721 
4156 	 28 
 bach 
 1721 
4157 	 28 
 bach 
 1721 
4158 	 28 
 bach 
 1721 
4159 	 28 
 bach 
 1721 
4160 	 28 
 bach 
 1721 
4161 	 28 
 bach 
 1721 
4162 	 28 
 bach 
 1721 
4163 	 28 
 bach 
 1721 
4164 	 28 
 bach 
 1721 
4165 	 28 
 bach 
 1721 
4166 	 28 
 bach 
 1721 
4167 	 28 
 bach 
 1721 
4168 	 28 
 bach 
 1721 
4169 	 28 
 bach 
 1721 
4170 	 28 
 bach 
 1721 
4171 	 28 
 bach 
 1721 
4172 	 28 
 bach 
 1721 
4173 	 28 
 bach 
 1721 
4174 	 28 
 bach 
 1721 
4175 	 28 
 bach 
 1721 
4176 	 28 
 bach 
 1721 
4177 	 28 
 bach 
 1721 
4178 	 28 
 bach 
 1721 
4179 	 28 
 bach 
 1721 
4180 	 28 
 bach 
 1721 
4181 	 28 
 bach 
 1721 
4182 	 28 
 bach 
 1721 
4183 	 28 
 bach 
 1721 
4184 	 28 
 bach 
 1721 
4185 	 28 
 bach 
 1721 
4186 	 28 
 bach 
 1721 
4187 	 28 
 bach 
 1721 
4188 	 28 
 bach 
 1721 
4189 	 28 
 bach 
 1721 
4190 	 28 
 bach 
 1721 
4191 	 28 
 bach 
 1721 
4192 	 28 
 bach 
 1721 
4193 	 28 
 bach 
 1721 
4194 	 28 
 bach 
 1721 
4195 	 28 
 bach 
 1721 
4196 	 28 
 bach 
 1721 
4197 	 28 
 bach 
 1721 
4198 	 28 
 bach 
 1721 
4199 	 28 
 bach 
 1721 
4200 	 28 
 bach 
 1721 
4201 	 28 
 bach 
 1721 
4202 	 28 
 bach 
 1721 
4203 	 28 
 bach 
 1721 
4204 	 28 
 bach 
 1721 
4205 	 28 
 bach 
 1721 
4206 	 28 
 bach 
 1721 
4207 	 28 
 bach 
 1721 
4208 	 28 
 bach 
 1721 
4209 	 28 
 bach 
 1721 
4210 	 28 
 bach 
 1721 
4211 	 28 
 bach 
 1721 
4212 	 28 
 bach 
 1721 
4213 	 28 
 bach 
 1721 
4214 	 28 
 bach 
 1721 
4215 	 28 
 bach 
 1721 
4216 	 28 
 bach 
 1721 
4217 	 28 
 bach 
 1721 
4218 	 28 
 bach 
 1721 
4219 	 28 
 bach 
 1721 
4220 	 28 
 bach 
 1721 
4221 	 28 
 bach 
 1721 
4222 	 28 
 bach 
 1721 
4223 	 28 
 bach 
 1721 
4224 	 28 
 bach 
 1721 
4225 	 28 
 bach 
 1721 
4226 	 28 
 bach 
 1721 
4227 	 28 
 bach 
 1721 
4228 	 28 
 bach 
 1721 
4229 	 28 
 bach 
 1721 
4230 	 28 
 bach 
 1721 
4231 	 28 
 bach 
 1721 
4232 	 28 
 bach 
 1721 
4233 	 28 
 bach 
 1721 
4234 	 28 
 bach 
 1721 
4235 	 28 
 bach 
 1721 
4236 	 28 
 bach 
 1721 
4237 	 28 
 bach 
 1721 
4238 	 28 
 bach 
 1721 
4239 	 28 
 bach 
 1721 
4240 	 28 
 bach 
 1721 
4241 	 28 
 bach 
 1721 
4242 	 28 
 bach 
 1721 
4243 	 28 
 bach 
 1721 
4244 	 28 
 bach 
 1721 
4245 	 28 
 bach 
 1721 
4246 	 28 
 bach 
 1721 
4247 	 28 
 bach 
 1721 
4248 	 28 
 bach 
 1721 
4249 	 28 
 bach 
 1721 
4250 	 28 
 bach 
 1721 
4251 	 28 
 bach 
 1721 
4252 	 28 
 bach 
 1721 
4253 	 28 
 bach 
 1721 
4254 	 28 
 bach 
 1721 
4255 	 28 
 bach 
 1721 
4256 	 28 
 bach 
 1721 
4257 	 28 
 bach 
 1721 
4258 	 28 
 bach 
 1721 
4259 	 28 
 bach 
 1721 
4260 	 28 
 bach 
 1721 
4261 	 28 
 bach 
 1721 
4262 	 28 
 bach 
 1721 
4263 	 28 
 bach 
 1721 
4264 	 28 
 bach 
 1721 
4265 	 28 
 bach 
 1721 
4266 	 28 
 bach 
 1721 
4267 	 28 
 bach 
 1721 
4268 	 28 
 bach 
 1721 
4269 	 28 
 bach 
 1721 
4270 	 28 
 bach 
 1721 
4271 	 28 
 bach 
 1721 
4272 	 28 
 bach 
 1721 
4273 	 28 
 bach 
 1721 
4274 	 28 
 bach 
 1721 
4275 	 28 
 bach 
 1721 
4276 	 28 
 bach 
 1721 
4277 	 28 
 bach 
 1721 
4278 	 28 
 bach 
 1721 
4279 	 28 
 bach 
 1721 
4280 	 28 
 bach 
 1721 
4281 	 28 
 bach 
 1721 
4282 	 28 
 bach 
 1721 
4283 	 28 
 bach 
 1721 
4284 	 28 
 bach 
 1721 
4285 	 28 
 bach 
 1721 
4286 	 28 
 bach 
 1721 
4287 	 28 
 bach 
 1721 
4288 	 28 
 bach 
 1721 
4289 	 28 
 bach 
 1721 
4290 	 28 
 bach 
 1721 
4291 	 28 
 bach 
 1721 
4292 	 28 
 bach 
 1721 
4293 	 28 
 bach 
 1721 
4294 	 28 
 bach 
 1721 
4295 	 28 
 bach 
 1721 
4296 	 28 
 bach 
 1721 
4297 	 28 
 bach 
 1721 
4298 	 28 
 bach 
 1721 
4299 	 28 
 bach 
 1721 
4300 	 28 
 bach 
 1721 
4301 	 28 
 bach 
 1721 
4302 	 28 
 bach 
 1721 
4303 	 28 
 bach 
 1721 
4304 	 28 
 bach 
 1721 
4305 	 28 
 bach 
 1721 
4306 	 28 
 bach 
 1721 
4307 	 28 
 bach 
 1721 
4308 	 28 
 bach 
 1721 
4309 	 28 
 bach 
 1721 
4310 	 28 
 bach 
 1721 
4311 	 28 
 bach 
 1721 
4312 	 28 
 bach 
 1721 
4313 	 28 
 bach 
 1721 
4314 	 28 
 bach 
 1721 
4315 	 28 
 bach 
 1721 
4316 	 28 
 bach 
 1721 
4317 	 28 
 bach 
 1721 
4318 	 28 
 bach 
 1721 
4319 	 28 
 bach 
 1721 
4320 	 28 
 bach 
 1721 
4321 	 28 
 bach 
 1721 
4322 	 28 
 bach 
 1721 
4323 	 28 
 bach 
 1721 
4324 	 28 
 bach 
 1721 
4325 	 28 
 bach 
 1721 
4326 	 28 
 bach 
 1721 
4327 	 28 
 bach 
 1721 
4328 	 28 
 bach 
 1721 
4329 	 28 
 bach 
 1721 
4330 	 28 
 bach 
 1721 
4331 	 28 
 bach 
 1721 
4332 	 28 
 bach 
 1721 
4333 	 28 
 bach 
 1721 
4334 	 28 
 bach 
 1721 
4335 	 28 
 bach 
 1721 
4336 	 28 
 bach 
 1721 
4337 	 28 
 bach 
 1721 
4338 	 28 
 bach 
 1721 
4339 	 28 
 bach 
 1721 
4340 	 28 
 bach 
 1721 
4341 	 28 
 bach 
 1721 
4342 	 28 
 bach 
 1721 
4343 	 28 
 bach 
 1721 
4344 	 28 
 bach 
 1721 
4345 	 28 
 bach 
 1721 
4346 	 28 
 bach 
 1721 
4347 	 28 
 bach 
 1721 
4348 	 28 
 bach 
 1721 
4349 	 28 
 bach 
 1721 
4350 	 28 
 bach 
 1721 
4351 	 28 
 bach 
 1721 
4352 	 28 
 bach 
 1721 
4353 	 28 
 bach 
 1721 
4354 	 28 
 bach 
 1721 
4355 	 28 
 bach 
 1721 
4356 	 28 
 bach 
 1721 
4357 	 28 
 bach 
 1721 
4358 	 28 
 bach 
 1721 
4359 	 28 
 bach 
 1721 
4360 	 28 
 bach 
 1721 
4361 	 28 
 bach 
 1721 
4362 	 28 
 bach 
 1721 
4363 	 28 
 bach 
 1721 
4364 	 28 
 bach 
 1721 
4365 	 28 
 bach 
 1721 
4366 	 28 
 bach 
 1721 
4367 	 28 
 bach 
 1721 
4368 	 28 
 bach 
 1721 
4369 	 28 
 bach 
 1721 
4370 	 28 
 bach 
 1721 
4371 	 28 
 bach 
 1721 
4372 	 28 
 bach 
 1721 
4373 	 28 
 bach 
 1721 
4374 	 28 
 bach 
 1721 
4375 	 28 
 bach 
 1721 
4376 	 28 
 bach 
 1721 
4377 	 28 
 bach 
 1721 
4378 	 28 
 bach 
 1721 
4379 	 28 
 bach 
 1721 
4380 	 28 
 bach 
 1721 
4381 	 28 
 bach 
 1721 
4382 	 28 
 bach 
 1721 
4383 	 28 
 bach 
 1721 
4384 	 28 
 bach 
 1721 
4385 	 28 
 bach 
 1721 
4386 	 28 
 bach 
 1721 
4387 	 28 
 bach 
 1721 
4388 	 28 
 bach 
 1721 
4389 	 28 
 bach 
 1721 
4390 	 28 
 bach 
 1721 
4391 	 28 
 bach 
 1721 
4392 	 28 
 bach 
 1721 
4393 	 28 
 bach 
 1721 
4394 	 28 
 bach 
 1721 
4395 	 28 
 bach 
 1721 
4396 	 28 
 bach 
 1721 
4397 	 28 
 bach 
 1721 
4398 	 28 
 bach 
 1721 
4399 	 28 
 bach 
 1721 
4400 	 28 
 bach 
 1721 
4401 	 28 
 bach 
 1721 
4402 	 28 
 bach 
 1721 
4403 	 28 
 bach 
 1721 
4404 	 28 
 bach 
 1721 
4405 	 28 
 bach 
 1721 
4406 	 28 
 bach 
 1721 
4407 	 28 
 bach 
 1721 
4408 	 28 
 bach 
 1721 
4409 	 28 
 bach 
 1721 
4410 	 28 
 bach 
 1721 
4411 	 28 
 bach 
 1721 
4412 	 28 
 bach 
 1721 
4413 	 28 
 bach 
 1721 
4414 	 28 
 bach 
 1721 
4415 	 28 
 bach 
 1721 
4416 	 28 
 bach 
 1721 
4417 	 28 
 bach 
 1721 
4418 	 28 
 bach 
 1721 
4419 	 28 
 bach 
 1721 
4420 	 28 
 bach 
 1721 
4421 	 28 
 bach 
 1721 
4422 	 28 
 bach 
 1721 
4423 	 28 
 bach 
 1721 
4424 	 28 
 bach 
 1721 
4425 	 28 
 bach 
 1721 
4426 	 28 
 bach 
 1721 
4427 	 28 
 bach 
 1721 
4428 	 28 
 bach 
 1721 
4429 	 28 
 bach 
 1721 
4430 	 28 
 bach 
 1721 
4431 	 28 
 bach 
 1721 
4432 	 28 
 bach 
 1721 
4433 	 28 
 bach 
 1721 
4434 	 28 
 bach 
 1721 
4435 	 28 
 bach 
 1721 
4436 	 28 
 bach 
 1721 
4437 	 28 
 bach 
 1721 
4438 	 28 
 bach 
 1721 
4439 	 28 
 bach 
 1721 
4440 	 28 
 bach 
 1721 
4441 	 28 
 bach 
 1721 
4442 	 28 
 bach 
 1721 
4443 	 28 
 bach 
 1721 
4444 	 28 
 bach 
 1721 
4445 	 28 
 bach 
 1721 
4446 	 28 
 bach 
 1721 
4447 	 28 
 bach 
 1721 
4448 	 28 
 bach 
 1721 
4449 	 28 
 bach 
 1721 
4450 	 28 
 bach 
 1721 
4451 	 28 
 bach 
 1721 
4452 	 28 
 bach 
 1721 
4453 	 28 
 bach 
 1721 
4454 	 28 
 bach 
 1721 
4455 	 28 
 bach 
 1721 
4456 	 28 
 bach 
 1721 
4457 	 28 
 bach 
 1721 
4458 	 28 
 bach 
 1721 
4459 	 28 
 bach 
 1721 
4460 	 28 
 bach 
 1721 
4461 	 28 
 bach 
 1721 
4462 	 28 
 bach 
 1721 
4463 	 28 
 bach 
 1721 
4464 	 28 
 bach 
 1721 
4465 	 28 
 bach 
 1721 
4466 	 28 
 bach 
 1721 
4467 	 28 
 bach 
 1721 
4468 	 28 
 bach 
 1721 
4469 	 28 
 bach 
 1721 
4470 	 28 
 bach 
 1721 
4471 	 28 
 bach 
 1721 
4472 	 28 
 bach 
 1721 
4473 	 28 
 bach 
 1721 
4474 	 28 
 bach 
 1721 
4475 	 28 
 bach 
 1721 
4476 	 28 
 bach 
 1721 
4477 	 28 
 bach 
 1721 
4478 	 28 
 bach 
 1721 
4479 	 28 
 bach 
 1721 
4480 	 28 
 bach 
 1721 
4481 	 28 
 bach 
 1721 
4482 	 28 
 bach 
 1721 
4483 	 28 
 bach 
 1721 
4484 	 28 
 bach 
 1721 
4485 	 28 
 bach 
 1721 
4486 	 28 
 bach 
 1721 
4487 	 28 
 bach 
 1721 
4488 	 28 
 bach 
 1721 
4489 	 28 
 bach 
 1721 
4490 	 28 
 bach 
 1721 
4491 	 28 
 bach 
 1721 
4492 	 28 
 bach 
 1721 
4493 	 28 
 bach 
 1721 
4494 	 28 
 bach 
 1721 
4495 	 28 
 bach 
 1721 
4496 	 28 
 bach 
 1721 
4497 	 28 
 bach 
 1721 
4498 	 28 
 bach 
 1721 
4499 	 28 
 bach 
 1721 
4500 	 28 
 bach 
 1721 
4501 	 28 
 bach 
 1721 
4502 	 28 
 bach 
 1721 
4503 	 28 
 bach 
 1721 
4504 	 28 
 bach 
 1721 
4505 	 28 
 bach 
 1721 
4506 	 28 
 bach 
 1721 
4507 	 28 
 bach 
 1721 
4508 	 28 
 bach 
 1721 
4509 	 28 
 bach 
 1721 
4510 	 28 
 bach 
 1721 
4511 	 28 
 bach 
 1721 
4512 	 28 
 bach 
 1721 
4513 	 28 
 bach 
 1721 
4514 	 28 
 bach 
 1721 
4515 	 28 
 bach 
 1721 
4516 	 28 
 bach 
 1721 
4517 	 28 
 bach 
 1721 
4518 	 28 
 bach 
 1721 
4519 	 28 
 bach 
 1721 
4520 	 28 
 bach 
 1721 
4521 	 28 
 bach 
 1721 
4522 	 28 
 bach 
 1721 
4523 	 28 
 bach 
 1721 
4524 	 28 
 bach 
 1721 
4525 	 28 
 bach 
 1721 
4526 	 28 
 bach 
 1721 
4527 	 28 
 bach 
 1721 
4528 	 28 
 bach 
 1721 
4529 	 28 
 bach 
 1721 
4530 	 28 
 bach 
 1721 
4531 	 28 
 bach 
 1721 
4532 	 28 
 bach 
 1721 
4533 	 28 
 bach 
 1721 
4534 	 28 
 bach 
 1721 
4535 	 28 
 bach 
 1721 
4536 	 28 
 bach 
 1721 
4537 	 28 
 bach 
 1721 
4538 	 28 
 bach 
 1721 
4539 	 28 
 bach 
 1721 
4540 	 28 
 bach 
 1721 
4541 	 28 
 bach 
 1721 
4542 	 28 
 bach 
 1721 
4543 	 28 
 bach 
 1721 
4544 	 28 
 bach 
 1721 
4545 	 28 
 bach 
 1721 
4546 	 28 
 bach 
 1721 
4547 	 28 
 bach 
 1721 
4548 	 28 
 bach 
 1721 
4549 	 28 
 bach 
 1721 
4550 	 28 
 bach 
 1721 
4551 	 28 
 bach 
 1721 
4552 	 28 
 bach 
 1721 
4553 	 28 
 bach 
 1721 
4554 	 28 
 bach 
 1721 
4555 	 28 
 bach 
 1721 
4556 	 28 
 bach 
 1721 
4557 	 28 
 bach 
 1721 
4558 	 28 
 bach 
 1721 
4559 	 28 
 bach 
 1721 
4560 	 28 
 bach 
 1721 
4561 	 28 
 bach 
 1721 
4562 	 28 
 bach 
 1721 
4563 	 28 
 bach 
 1721 
4564 	 28 
 bach 
 1721 
4565 	 28 
 bach 
 1721 
4566 	 28 
 bach 
 1721 
4567 	 28 
 bach 
 1721 
4568 	 28 
 bach 
 1721 
4569 	 28 
 bach 
 1721 
4570 	 28 
 bach 
 1721 
4571 	 28 
 bach 
 1721 
4572 	 28 
 bach 
 1721 
4573 	 28 
 bach 
 1721 
4574 	 28 
 bach 
 1721 
4575 	 28 
 bach 
 1721 
4576 	 28 
 bach 
 1721 
4577 	 28 
 bach 
 1721 
4578 	 28 
 bach 
 1721 
4579 	 28 
 bach 
 1721 
4580 	 28 
 bach 
 1721 
4581 	 28 
 bach 
 1721 
4582 	 28 
 bach 
 1721 
4583 	 28 
 bach 
 1721 
4584 	 28 
 bach 
 1721 
4585 	 28 
 bach 
 1721 
4586 	 28 
 bach 
 1721 
4587 	 28 
 bach 
 1721 
4588 	 28 
 bach 
 1721 
4589 	 28 
 bach 
 1721 
4590 	 28 
 bach 
 1721 
4591 	 28 
 bach 
 1721 
4592 	 28 
 bach 
 1721 
4593 	 28 
 bach 
 1721 
4594 	 28 
 bach 
 1721 
4595 	 28 
 bach 
 1721 
4596 	 28 
 bach 
 1721 
4597 	 28 
 bach 
 1721 
4598 	 28 
 bach 
 1721 
4599 	 28 
 bach 
 1721 
4600 	 28 
 bach 
 1721 
4601 	 28 
 bach 
 1721 
4602 	 28 
 bach 
 1721 
4603 	 28 
 bach 
 1721 
4604 	 28 
 bach 
 1721 
4605 	 28 
 bach 
 1721 
4606 	 28 
 bach 
 1721 
4607 	 28 
 bach 
 1721 
4608 	 28 
 bach 
 1721 
4609 	 28 
 bach 
 1721 
4610 	 28 
 bach 
 1721 
4611 	 28 
 bach 
 1721 
4612 	 28 
 bach 
 1721 
4613 	 28 
 bach 
 1721 
4614 	 28 
 bach 
 1721 
4615 	 28 
 bach 
 1721 
4616 	 28 
 bach 
 1721 
4617 	 28 
 bach 
 1721 
4618 	 28 
 bach 
 1721 
4619 	 28 
 bach 
 1721 
4620 	 28 
 bach 
 1721 
4621 	 28 
 bach 
 1721 
4622 	 28 
 bach 
 1721 
4623 	 28 
 bach 
 1721 
4624 	 28 
 bach 
 1721 
4625 	 28 
 bach 
 1721 
4626 	 28 
 bach 
 1721 
4627 	 28 
 bach 
 1721 
4628 	 28 
 bach 
 1721 
4629 	 28 
 bach 
 1721 
4630 	 28 
 bach 
 1721 
4631 	 28 
 bach 
 1721 
4632 	 28 
 bach 
 1721 
4633 	 28 
 bach 
 1721 
4634 	 28 
 bach 
 1721 
4635 	 28 
 bach 
 1721 
4636 	 28 
 bach 
 1721 
4637 	 28 
 bach 
 1721 
4638 	 28 
 bach 
 1721 
4639 	 28 
 bach 
 1721 
4640 	 28 
 bach 
 1721 
4641 	 28 
 bach 
 1721 
4642 	 28 
 bach 
 1721 
4643 	 28 
 bach 
 1721 
4644 	 28 
 bach 
 1721 
4645 	 28 
 bach 
 1721 
4646 	 28 
 bach 
 1721 
4647 	 28 
 bach 
 1721 
4648 	 28 
 bach 
 1721 
4649 	 28 
 bach 
 1721 
4650 	 28 
 bach 
 1721 
4651 	 28 
 bach 
 1721 
4652 	 28 
 bach 
 1721 
4653 	 28 
 bach 
 1721 
4654 	 28 
 bach 
 1721 
4655 	 28 
 bach 
 1721 
4656 	 28 
 bach 
 1721 
4657 	 28 
 bach 
 1721 
4658 	 28 
 bach 
 1721 
4659 	 28 
 bach 
 1721 
4660 	 28 
 bach 
 1721 
4661 	 28 
 bach 
 1721 
4662 	 28 
 bach 
 1721 
4663 	 28 
 bach 
 1721 
4664 	 28 
 bach 
 1721 
4665 	 28 
 bach 
 1721 
4666 	 28 
 bach 
 1721 
4667 	 28 
 bach 
 1721 
4668 	 28 
 bach 
 1721 
4669 	 28 
 bach 
 1721 
4670 	 28 
 bach 
 1721 
4671 	 28 
 bach 
 1721 
4672 	 28 
 bach 
 1721 
4673 	 28 
 bach 
 1721 
4674 	 28 
 bach 
 1721 
4675 	 28 
 bach 
 1721 
4676 	 28 
 bach 
 1721 
4677 	 28 
 bach 
 1721 
4678 	 28 
 bach 
 1721 
4679 	 28 
 bach 
 1721 
4680 	 28 
 bach 
 1721 
4681 	 28 
 bach 
 1721 
4682 	 28 
 bach 
 1721 
4683 	 28 
 bach 
 1721 
4684 	 28 
 bach 
 1721 
4685 	 28 
 bach 
 1721 
4686 	 28 
 bach 
 1721 
4687 	 28 
 bach 
 1721 
4688 	 28 
 bach 
 1721 
4689 	 28 
 bach 
 1721 
4690 	 28 
 bach 
 1721 
4691 	 28 
 bach 
 1721 
4692 	 28 
 bach 
 1721 
4693 	 28 
 bach 
 1721 
4694 	 28 
 bach 
 1721 
4695 	 28 
 bach 
 1721 
4696 	 28 
 bach 
 1721 
4697 	 28 
 bach 
 1721 
4698 	 28 
 bach 
 1721 
4699 	 28 
 bach 
 1721 
4700 	 28 
 bach 
 1721 
4701 	 28 
 bach 
 1721 
4702 	 28 
 bach 
 1721 
4703 	 28 
 bach 
 1721 
4704 	 28 
 bach 
 1721 
4705 	 28 
 bach 
 1721 
4706 	 28 
 bach 
 1721 
4707 	 28 
 bach 
 1721 
4708 	 28 
 bach 
 1721 
4709 	 28 
 bach 
 1721 
4710 	 28 
 bach 
 1721 
4711 	 28 
 bach 
 1721 
4712 	 28 
 bach 
 1721 
4713 	 28 
 bach 
 1721 
4714 	 28 
 bach 
 1721 
4715 	 28 
 bach 
 1721 
4716 	 28 
 bach 
 1721 
4717 	 28 
 bach 
 1721 
4718 	 28 
 bach 
 1721 
4719 	 28 
 bach 
 1721 
4720 	 28 
 bach 
 1721 
4721 	 28 
 bach 
 1721 
4722 	 28 
 bach 
 1721 
4723 	 28 
 bach 
 1721 
4724 	 28 
 bach 
 1721 
4725 	 28 
 bach 
 1721 
4726 	 28 
 bach 
 1721 
4727 	 28 
 bach 
 1721 
4728 	 28 
 bach 
 1721 
4729 	 28 
 bach 
 1721 
4730 	 28 
 bach 
 1721 
4731 	 28 
 bach 
 1721 
4732 	 28 
 bach 
 1721 
4733 	 28 
 bach 
 1721 
4734 	 28 
 bach 
 1721 
4735 	 28 
 bach 
 1721 
4736 	 28 
 bach 
 1721 
4737 	 28 
 bach 
 1721 
4738 	 28 
 bach 
 1721 
4739 	 28 
 bach 
 1721 
4740 	 28 
 bach 
 1721 
4741 	 28 
 bach 
 1721 
4742 	 28 
 bach 
 1721 
4743 	 28 
 bach 
 1721 
4744 	 28 
 bach 
 1721 
4745 	 28 
 bach 
 1721 
4746 	 28 
 bach 
 1721 
4747 	 28 
 bach 
 1721 
4748 	 28 
 bach 
 1721 
4749 	 28 
 bach 
 1721 
4750 	 28 
 bach 
 1721 
4751 	 28 
 bach 
 1721 
4752 	 28 
 bach 
 1721 
4753 	 28 
 bach 
 1721 
4754 	 28 
 bach 
 1721 
4755 	 28 
 bach 
 1721 
4756 	 28 
 bach 
 1721 
4757 	 28 
 bach 
 1721 
4758 	 28 
 bach 
 1721 
4759 	 28 
 bach 
 1721 
4760 	 28 
 bach 
 1721 
4761 	 28 
 bach 
 1721 
4762 	 28 
 bach 
 1721 
4763 	 28 
 bach 
 1721 
4764 	 28 
 bach 
 1721 
4765 	 28 
 bach 
 1721 
4766 	 28 
 bach 
 1721 
4767 	 28 
 bach 
 1721 
4768 	 28 
 bach 
 1721 
4769 	 28 
 bach 
 1721 
4770 	 28 
 bach 
 1721 
4771 	 28 
 bach 
 1721 
4772 	 28 
 bach 
 1721 
4773 	 28 
 bach 
 1721 
4774 	 28 
 bach 
 1721 
4775 	 28 
 bach 
 1721 
4776 	 28 
 bach 
 1721 
4777 	 28 
 bach 
 1721 
4778 	 28 
 bach 
 1721 
4779 	 28 
 bach 
 1721 
4780 	 28 
 bach 
 1721 
4781 	 28 
 bach 
 1721 
4782 	 28 
 bach 
 1721 
4783 	 28 
 bach 
 1721 
4784 	 28 
 bach 
 1721 
4785 	 28 
 bach 
 1721 
4786 	 28 
 bach 
 1721 
4787 	 28 
 bach 
 1721 
4788 	 28 
 bach 
 1721 
4789 	 28 
 bach 
 1721 
4790 	 28 
 bach 
 1721 
4791 	 28 
 bach 
 1721 
4792 	 28 
 bach 
 1721 
4793 	 28 
 bach 
 1721 
4794 	 28 
 bach 
 1721 
4795 	 28 
 bach 
 1721 
4796 	 28 
 bach 
 1721 
4797 	 28 
 bach 
 1721 
4798 	 28 
 bach 
 1721 
4799 	 28 
 bach 
 1721 
4800 	 28 
 bach 
 1721 
4801 	 28 
 bach 
 1721 
4802 	 28 
 bach 
 1721 
4803 	 28 
 bach 
 1721 
4804 	 28 
 bach 
 1721 
4805 	 28 
 bach 
 1721 
4806 	 28 
 bach 
 1721 
4807 	 28 
 bach 
 1721 
4808 	 28 
 bach 
 1721 
4809 	 28 
 bach 
 1721 
4810 	 28 
 bach 
 1721 
4811 	 28 
 bach 
 1721 
4812 	 28 
 bach 
 1721 
4813 	 28 
 bach 
 1721 
4814 	 28 
 bach 
 1721 
4815 	 28 
 bach 
 1721 
4816 	 28 
 bach 
 1721 
4817 	 28 
 bach 
 1721 
4818 	 28 
 bach 
 1721 
4819 	 28 
 bach 
 1721 
4820 	 28 
 bach 
 1721 
4821 	 28 
 bach 
 1721 
4822 	 28 
 bach 
 1721 
4823 	 28 
 bach 
 1721 
4824 	 28 
 bach 
 1721 
4825 	 28 
 bach 
 1721 
4826 	 28 
 bach 
 1721 
4827 	 28 
 bach 
 1721 
4828 	 28 
 bach 
 1721 
4829 	 28 
 bach 
 1721 
4830 	 28 
 bach 
 1721 
4831 	 28 
 bach 
 1721 
4832 	 28 
 bach 
 1721 
4833 	 28 
 bach 
 1721 
4834 	 28 
 bach 
 1721 
4835 	 28 
 bach 
 1721 
4836 	 28 
 bach 
 1721 
4837 	 28 
 bach 
 1721 
4838 	 28 
 bach 
 1721 
4839 	 28 
 bach 
 1721 
4840 	 28 
 bach 
 1721 
4841 	 28 
 bach 
 1721 
4842 	 28 
 bach 
 1721 
4843 	 28 
 bach 
 1721 
4844 	 28 
 bach 
 1721 
4845 	 28 
 bach 
 1721 
4846 	 28 
 bach 
 1721 
4847 	 28 
 bach 
 1721 
4848 	 28 
 bach 
 1721 
4849 	 28 
 bach 
 1721 
4850 	 28 
 bach 
 1721 
4851 	 28 
 bach 
 1721 
4852 	 28 
 bach 
 1721 
4853 	 28 
 bach 
 1721 
4854 	 28 
 bach 
 1721 
4855 	 28 
 bach 
 1721 
4856 	 28 
 bach 
 1721 
4857 	 28 
 bach 
 1721 
4858 	 28 
 bach 
 1721 
4859 	 28 
 bach 
 1721 
4860 	 28 
 bach 
 1721 
4861 	 28 
 bach 
 1721 
4862 	 28 
 bach 
 1721 
4863 	 28 
 bach 
 1721 
4864 	 28 
 bach 
 1721 
4865 	 28 
 bach 
 1721 
4866 	 28 
 bach 
 1721 
4867 	 28 
 bach 
 1721 
4868 	 28 
 bach 
 1721 
4869 	 28 
 bach 
 1721 
4870 	 28 
 bach 
 1721 
4871 	 28 
 bach 
 1721 
4872 	 28 
 bach 
 1721 
4873 	 28 
 bach 
 1721 
4874 	 28 
 bach 
 1721 
4875 	 28 
 bach 
 1721 
4876 	 28 
 bach 
 1721 
4877 	 28 
 bach 
 1721 
4878 	 28 
 bach 
 1721 
4879 	 28 
 bach 
 1721 
4880 	 28 
 bach 
 1721 
4881 	 28 
 bach 
 1721 
4882 	 28 
 bach 
 1721 
4883 	 28 
 bach 
 1721 
4884 	 28 
 bach 
 1721 
4885 	 28 
 bach 
 1721 
4886 	 28 
 bach 
 1721 
4887 	 28 
 bach 
 1721 
4888 	 28 
 bach 
 1721 
4889 	 28 
 bach 
 1721 
4890 	 28 
 bach 
 1721 
4891 	 28 
 bach 
 1721 
4892 	 28 
 bach 
 1721 
4893 	 28 
 bach 
 1721 
4894 	 28 
 bach 
 1721 
4895 	 28 
 bach 
 1721 
4896 	 28 
 bach 
 1721 
4897 	 28 
 bach 
 1721 
4898 	 28 
 bach 
 1721 
4899 	 28 
 bach 
 1721 
4900 	 28 
 bach 
 1721 
4901 	 28 
 bach 
 1721 
4902 	 28 
 bach 
 1721 
4903 	 28 
 bach 
 1721 
4904 	 28 
 bach 
 1721 
4905 	 28 
 bach 
 1721 
4906 	 28 
 bach 
 1721 
4907 	 28 
 bach 
 1721 
4908 	 28 
 bach 
 1721 
4909 	 28 
 bach 
 1721 
4910 	 28 
 bach 
 1721 
4911 	 28 
 bach 
 1721 
4912 	 28 
 bach 
 1721 
4913 	 28 
 bach 
 1721 
4914 	 28 
 bach 
 1721 
4915 	 28 
 bach 
 1721 
4916 	 28 
 bach 
 1721 
4917 	 28 
 bach 
 1721 
4918 	 28 
 bach 
 1721 
4919 	 28 
 bach 
 1721 
4920 	 28 
 bach 
 1721 
4921 	 28 
 bach 
 1721 
4922 	 28 
 bach 
 1721 
4923 	 28 
 bach 
 1721 
4924 	 28 
 bach 
 1721 
4925 	 28 
 bach 
 1721 
4926 	 28 
 bach 
 1721 
4927 	 28 
 bach 
 1721 
4928 	 28 
 bach 
 1721 
4929 	 28 
 bach 
 1721 
4930 	 28 
 bach 
 1721 
4931 	 28 
 bach 
 1721 
4932 	 28 
 bach 
 1721 
4933 	 28 
 bach 
 1721 
4934 	 28 
 bach 
 1721 
4935 	 28 
 bach 
 1721 
4936 	 28 
 bach 
 1721 
4937 	 28 
 bach 
 1721 
4938 	 28 
 bach 
 1721 
4939 	 28 
 bach 
 1721 
4940 	 28 
 bach 
 1721 
4941 	 28 
 bach 
 1721 
4942 	 28 
 bach 
 1721 
4943 	 28 
 bach 
 1721 
4944 	 28 
 bach 
 1721 
4945 	 28 
 bach 
 1721 
4946 	 28 
 bach 
 1721 
4947 	 28 
 bach 
 1721 
4948 	 28 
 bach 
 1721 
4949 	 28 
 bach 
 1721 
4950 	 28 
 bach 
 1721 
4951 	 28 
 bach 
 1721 
4952 	 28 
 bach 
 1721 
4953 	 28 
 bach 
 1721 
4954 	 28 
 bach 
 1721 
4955 	 28 
 bach 
 1721 
4956 	 28 
 bach 
 1721 
4957 	 28 
 bach 
 1721 
4958 	 28 
 bach 
 1721 
4959 	 28 
 bach 
 1721 
4960 	 28 
 bach 
 1721 
4961 	 28 
 bach 
 1721 
4962 	 28 
 bach 
 1721 
4963 	 28 
 bach 
 1721 
4964 	 28 
 bach 
 1721 
4965 	 28 
 bach 
 1721 
4966 	 28 
 bach 
 1721 
4967 	 28 
 bach 
 1721 
4968 	 28 
 bach 
 1721 
4969 	 28 
 bach 
 1721 
4970 	 28 
 bach 
 1721 
4971 	 28 
 bach 
 1721 
4972 	 28 
 bach 
 1721 
4973 	 28 
 bach 
 1721 
4974 	 28 
 bach 
 1721 
4975 	 28 
 bach 
 1721 
4976 	 28 
 bach 
 1721 
4977 	 28 
 bach 
 1721 
4978 	 28 
 bach 
 1721 
4979 	 28 
 bach 
 1721 
4980 	 28 
 bach 
 1721 
4981 	 28 
 bach 
 1721 
4982 	 28 
 bach 
 1721 
4983 	 28 
 bach 
 1721 
4984 	 28 
 bach 
 1721 
4985 	 28 
 bach 
 1721 
4986 	 28 
 bach 
 1721 
4987 	 28 
 bach 
 1721 
4988 	 28 
 bach 
 1721 
4989 	 28 
 bach 
 1721 
4990 	 28 
 bach 
 1721 
4991 	 28 
 bach 
 1721 
4992 	 28 
 bach 
 1721 
4993 	 28 
 bach 
 1721 
4994 	 28 
 bach 
 1721 
4995 	 28 
 bach 
 1721 
4996 	 28 
 bach 
 1721 
4997 	 28 
 bach 
 1721 
4998 	 28 
 bach 
 1721 
4999 	 28 
 bach 
 1721 
5000 	 28 
 bach 
 1721 
5001 	 28 
 bach 
 1721 
5002 	 28 
 bach 
 1721 
5003 	 28 
 bach 
 1721 
5004 	 28 
 bach 
 1721 
5005 	 28 
 bach 
 1721 
5006 	 28 
 bach 
 1721 
5007 	 28 
 bach 
 1721 
5008 	 28 
 bach 
 1721 
5009 	 28 
 bach 
 1721 
5010 	 28 
 bach 
 1721 
5011 	 28 
 bach 
 1721 
5012 	 28 
 bach 
 1721 
5013 	 28 
 bach 
 1721 
5014 	 28 
 bach 
 1721 
5015 	 28 
 bach 
 1721 
5016 	 28 
 bach 
 1721 
5017 	 28 
 bach 
 1721 
5018 	 28 
 bach 
 1721 
5019 	 28 
 bach 
 1721 
5020 	 28 
 bach 
 1721 
5021 	 28 
 bach 
 1721 
5022 	 28 
 bach 
 1721 
5023 	 28 
 bach 
 1721 
5024 	 28 
 bach 
 1721 
5025 	 28 
 bach 
 1721 
5026 	 28 
 bach 
 1721 
5027 	 28 
 bach 
 1721 
5028 	 28 
 bach 
 1721 
5029 	 28 
 bach 
 1721 
5030 	 28 
 bach 
 1721 
5031 	 28 
 bach 
 1721 
5032 	 28 
 bach 
 1721 
5033 	 28 
 bach 
 1721 
5034 	 28 
 bach 
 1721 
5035 	 28 
 bach 
 1721 
5036 	 28 
 bach 
 1721 
5037 	 28 
 bach 
 1721 
5038 	 28 
 bach 
 1721 
5039 	 28 
 bach 
 1721 
5040 	 28 
 bach 
 1721 
5041 	 28 
 bach 
 1721 
5042 	 28 
 bach 
 1721 
5043 	 28 
 bach 
 1721 
5044 	 28 
 bach 
 1721 
5045 	 28 
 bach 
 1721 
5046 	 28 
 bach 
 1721 
5047 	 28 
 bach 
 1721 
5048 	 28 
 bach 
 1721 
5049 	 28 
 bach 
 1721 
5050 	 28 
 bach 
 1721 
5051 	 28 
 bach 
 1721 
5052 	 28 
 bach 
 1721 
5053 	 28 
 bach 
 1721 
5054 	 28 
 bach 
 1721 
5055 	 28 
 bach 
 1721 
5056 	 28 
 bach 
 1721 
5057 	 28 
 bach 
 1721 
5058 	 28 
 bach 
 1721 
5059 	 28 
 bach 
 1721 
5060 	 28 
 bach 
 1721 
5061 	 28 
 bach 
 1721 
5062 	 28 
 bach 
 1721 
5063 	 28 
 bach 
 1721 
5064 	 28 
 bach 
 1721 
5065 	 28 
 bach 
 1721 
5066 	 28 
 bach 
 1721 
5067 	 28 
 bach 
 1721 
5068 	 28 
 bach 
 1721 
5069 	 28 
 bach 
 1721 
5070 	 28 
 bach 
 1721 
5071 	 28 
 bach 
 1721 
5072 	 28 
 bach 
 1721 
5073 	 28 
 bach 
 1721 
5074 	 28 
 bach 
 1721 
5075 	 28 
 bach 
 1721 
5076 	 28 
 bach 
 1721 
5077 	 28 
 bach 
 1721 
5078 	 28 
 bach 
 1721 
5079 	 28 
 bach 
 1721 
5080 	 28 
 bach 
 1721 
5081 	 28 
 bach 
 1721 
5082 	 28 
 bach 
 1721 
5083 	 28 
 bach 
 1721 
5084 	 28 
 bach 
 1721 
5085 	 28 
 bach 
 1721 
5086 	 28 
 bach 
 1721 
5087 	 28 
 bach 
 1721 
5088 	 28 
 bach 
 1721 
5089 	 28 
 bach 
 1721 
5090 	 28 
 bach 
 1721 
5091 	 28 
 bach 
 1721 
5092 	 28 
 bach 
 1721 
5093 	 28 
 bach 
 1721 
5094 	 28 
 bach 
 1721 
5095 	 28 
 bach 
 1721 
5096 	 28 
 bach 
 1721 
5097 	 28 
 bach 
 1721 
5098 	 28 
 bach 
 1721 
5099 	 28 
 bach 
 1721 
5100 	 28 
 bach 
 1721 
5101 	 28 
 bach 
 1721 
5102 	 28 
 bach 
 1721 
5103 	 28 
 bach 
 1721 
5104 	 28 
 bach 
 1721 
5105 	 28 
 bach 
 1721 
5106 	 28 
 bach 
 1721 
5107 	 28 
 bach 
 1721 
5108 	 28 
 bach 
 1721 
5109 	 28 
 bach 
 1721 
5110 	 28 
 bach 
 1721 
5111 	 28 
 bach 
 1721 
5112 	 28 
 bach 
 1721 
5113 	 28 
 bach 
 1721 
5114 	 28 
 bach 
 1721 
5115 	 28 
 bach 
 1721 
5116 	 28 
 bach 
 1721 
5117 	 28 
 bach 
 1721 
5118 	 28 
 bach 
 1721 
5119 	 28 
 bach 
 1721 
5120 	 28 
 bach 
 1721 
5121 	 28 
 bach 
 1721 
5122 	 28 
 bach 
 1721 
5123 	 28 
 bach 
 1721 
5124 	 28 
 bach 
 1721 
5125 	 28 
 bach 
 1721 
5126 	 28 
 bach 
 1721 
5127 	 28 
 bach 
 1721 
5128 	 28 
 bach 
 1721 
5129 	 28 
 bach 
 1721 
5130 	 28 
 bach 
 1721 
5131 	 28 
 bach 
 1721 
5132 	 28 
 bach 
 1721 
5133 	 28 
 bach 
 1721 
5134 	 28 
 bach 
 1721 
5135 	 28 
 bach 
 1721 
5136 	 28 
 bach 
 1721 
5137 	 28 
 bach 
 1721 
5138 	 28 
 bach 
 1721 
5139 	 28 
 bach 
 1721 
5140 	 28 
 bach 
 1721 
5141 	 28 
 bach 
 1721 
5142 	 28 
 bach 
 1721 
5143 	 28 
 bach 
 1721 
5144 	 28 
 bach 
 1721 
5145 	 28 
 bach 
 1721 
5146 	 28 
 bach 
 1721 
5147 	 28 
 bach 
 1721 
5148 	 28 
 bach 
 1721 
5149 	 28 
 bach 
 1721 
5150 	 28 
 bach 
 1721 
5151 	 28 
 bach 
 1721 
5152 	 28 
 bach 
 1721 
5153 	 28 
 bach 
 1721 
5154 	 28 
 bach 
 1721 
5155 	 28 
 bach 
 1721 
5156 	 28 
 bach 
 1721 
5157 	 28 
 bach 
 1721 
5158 	 28 
 bach 
 1721 
5159 	 28 
 bach 
 1721 
5160 	 28 
 bach 
 1721 
5161 	 28 
 bach 
 1721 
5162 	 28 
 bach 
 1721 
5163 	 28 
 bach 
 1721 
5164 	 28 
 bach 
 1721 
5165 	 28 
 bach 
 1721 
5166 	 28 
 bach 
 1721 
5167 	 28 
 bach 
 1721 
5168 	 28 
 bach 
 1721 
5169 	 28 
 bach 
 1721 
5170 	 28 
 bach 
 1721 
5171 	 28 
 bach 
 1721 
5172 	 28 
 bach 
 1721 
5173 	 28 
 bach 
 1721 
5174 	 28 
 bach 
 1721 
5175 	 28 
 bach 
 1721 
5176 	 28 
 bach 
 1721 
5177 	 28 
 bach 
 1721 
5178 	 28 
 bach 
 1721 
5179 	 28 
 bach 
 1721 
5180 	 28 
 bach 
 1721 
5181 	 28 
 bach 
 1721 
5182 	 28 
 bach 
 1721 
5183 	 28 
 bach 
 1721 
5184 	 28 
 bach 
 1721 
5185 	 28 
 bach 
 1721 
5186 	 28 
 bach 
 1721 
5187 	 28 
 bach 
 1721 
5188 	 28 
 bach 
 1721 
5189 	 28 
 bach 
 1721 
5190 	 28 
 bach 
 1721 
5191 	 28 
 bach 
 1721 
5192 	 28 
 bach 
 1721 
5193 	 28 
 bach 
 1721 
5194 	 28 
 bach 
 1721 
5195 	 28 
 bach 
 1721 
5196 	 28 
 bach 
 1721 
5197 	 28 
 bach 
 1721 
5198 	 28 
 bach 
 1721 
5199 	 28 
 bach 
 1721 
5200 	 28 
 bach 
 1721 
5201 	 28 
 bach 
 1721 
5202 	 28 
 bach 
 1721 
5203 	 28 
 bach 
 1721 
5204 	 28 
 bach 
 1721 
5205 	 28 
 bach 
 1721 
5206 	 28 
 bach 
 1721 
5207 	 28 
 bach 
 1721 
5208 	 28 
 bach 
 1721 
5209 	 28 
 bach 
 1721 
5210 	 28 
 bach 
 1721 
5211 	 28 
 bach 
 1721 
5212 	 28 
 bach 
 1721 
5213 	 28 
 bach 
 1721 
5214 	 28 
 bach 
 1721 
5215 	 28 
 bach 
 1721 
5216 	 28 
 bach 
 1721 
5217 	 28 
 bach 
 1721 
5218 	 28 
 bach 
 1721 
5219 	 28 
 bach 
 1721 
5220 	 28 
 bach 
 1721 
5221 	 28 
 bach 
 1721 
5222 	 28 
 bach 
 1721 
5223 	 28 
 bach 
 1721 
5224 	 28 
 bach 
 1721 
5225 	 28 
 bach 
 1721 
5226 	 28 
 bach 
 1721 
5227 	 28 
 bach 
 1721 
5228 	 28 
 bach 
 1721 
5229 	 28 
 bach 
 1721 
5230 	 28 
 bach 
 1721 
5231 	 28 
 bach 
 1721 
5232 	 28 
 bach 
 1721 
5233 	 28 
 bach 
 1721 
5234 	 28 
 bach 
 1721 
5235 	 28 
 bach 
 1721 
5236 	 28 
 bach 
 1721 
5237 	 28 
 bach 
 1721 
5238 	 28 
 bach 
 1721 
